     0/299     6.48G    0.0798   0.02906         0    0.1089        10       640         0         0         0         0         0         0         0
     1/299     6.53G   0.05262   0.02308         0    0.0757        20       640         0         0         0         0         0         0         0
     2/299     6.53G   0.04302   0.02097         0   0.06399        24       640         0         0         0         0         0         0         0
     3/299     6.53G   0.03559   0.01908         0   0.05468        19       640    0.6142    0.8692    0.8671    0.4505   0.02868   0.01924         0
     4/299     6.46G   0.03138    0.0176         0   0.04899        13       640    0.5228    0.9047    0.8937    0.5344   0.02482   0.01809         0
     5/299     6.46G    0.0294   0.01712         0   0.04651        12       640    0.5624    0.9172    0.9012    0.5479   0.02344   0.01725         0
     6/299     6.46G    0.0279   0.01654         0   0.04444        11       640    0.6212    0.9143    0.9133    0.5674   0.02289   0.01672         0
     7/299     6.46G   0.02725   0.01635         0   0.04359        12       640    0.6333    0.9187    0.9182    0.5864   0.02163   0.01653         0
     8/299     6.46G   0.02641   0.01584         0   0.04225        12       640    0.7189    0.9243    0.9226    0.6116    0.0206   0.01535         0
     9/299     6.46G   0.02559   0.01564         0   0.04123        12       640    0.6757    0.9313    0.9278    0.6158   0.02015   0.01534         0
    10/299     6.46G   0.02502   0.01533         0   0.04035        19       640    0.7465     0.929    0.9309    0.6262   0.01955   0.01484         0
    11/299     6.46G   0.02463   0.01514         0   0.03977        17       640    0.7327    0.9305    0.9323    0.6324   0.01937   0.01473         0
    12/299     6.46G   0.02398   0.01487         0   0.03885        14       640      0.71     0.932    0.9322    0.6413   0.01909   0.01476         0
    13/299     6.46G     0.024   0.01477         0   0.03877        16       640     0.823    0.9261    0.9354    0.6471   0.01866   0.01434         0
    14/299     6.46G   0.02362   0.01451         0   0.03813        13       640    0.8101    0.9313    0.9383    0.6583   0.01838   0.01397         0
    15/299     6.46G   0.02358   0.01443         0   0.03801        13       640    0.7922     0.935     0.937    0.6641   0.01798   0.01387         0
    16/299     6.46G   0.02314   0.01445         0   0.03759        15       640     0.841    0.9298    0.9381    0.6708   0.01776   0.01364         0
    17/299     6.46G   0.02279   0.01421         0     0.037        17       640    0.8553    0.9364    0.9418    0.6761   0.01745   0.01334         0
    18/299     6.46G   0.02256   0.01398         0   0.03654        11       640    0.8502    0.9305    0.9425    0.6776   0.01735   0.01326         0
    19/299     6.46G   0.02207   0.01374         0   0.03581        15       640    0.8039     0.935    0.9427    0.6842   0.01709   0.01319         0
    20/299     6.46G    0.0221   0.01382         0   0.03592        11       640    0.8154    0.9339    0.9419    0.6749   0.01743   0.01352         0
    21/299     6.46G   0.02188   0.01378         0   0.03566        14       640    0.8516    0.9342    0.9438    0.6918    0.0169     0.013         0
    22/299     6.46G   0.02183   0.01374         0   0.03556        14       640    0.8795    0.9372    0.9465    0.6983   0.01657   0.01275         0
    23/299     6.46G   0.02172   0.01365         0   0.03537        16       640    0.8792    0.9363     0.945    0.7047   0.01639   0.01263         0
    24/299     6.46G   0.02136   0.01359         0   0.03495        13       640    0.8643    0.9424    0.9476    0.7082   0.01606    0.0125         0
    25/299     6.46G   0.02139   0.01351         0    0.0349        16       640    0.8641    0.9364    0.9495    0.7085   0.01591   0.01254         0
    26/299     6.46G   0.02116   0.01331         0   0.03447        16       640    0.8635    0.9401    0.9496    0.7086   0.01592    0.0124         0
    27/299     6.46G   0.02102   0.01324         0   0.03426        19       640    0.8858    0.9394    0.9516    0.7174   0.01579   0.01215         0
    28/299     6.46G   0.02096   0.01314         0    0.0341         9       640    0.8745    0.9379    0.9476    0.7201   0.01567   0.01214         0
    29/299     6.46G   0.02098   0.01333         0    0.0343        12       640    0.8617    0.9401    0.9517    0.7144   0.01583   0.01227         0
    30/299     6.46G   0.02077   0.01315         0   0.03392        15       640    0.8843    0.9401    0.9497    0.7151    0.0157    0.0123         0
    31/299     6.46G   0.02063   0.01302         0   0.03364        12       640       0.9    0.9394    0.9506    0.7258   0.01531   0.01198         0
    32/299     6.46G   0.02039   0.01306         0   0.03345        11       640    0.8791    0.9379    0.9492    0.7215   0.01522   0.01211         0
    33/299     6.46G   0.02032   0.01293         0   0.03325         8       640    0.9012    0.9401    0.9521    0.7296   0.01517    0.0118         0
    34/299     6.46G   0.02033   0.01317         0   0.03351        10       640    0.8997     0.941     0.953    0.7274   0.01514   0.01181         0
    35/299     6.46G   0.02007   0.01278         0   0.03285        15       640    0.9139    0.9416    0.9551    0.7321   0.01497   0.01172         0
    36/299     6.46G   0.01994   0.01278         0   0.03272        17       640    0.8793    0.9424    0.9523    0.7347   0.01487   0.01167         0
    37/299     6.46G   0.02013   0.01278         0   0.03291        10       640    0.8894    0.9416    0.9541    0.7357    0.0148   0.01167         0
    38/299     6.46G   0.01991   0.01277         0   0.03268        17       640     0.901    0.9424    0.9543    0.7372    0.0148   0.01162         0
    39/299     6.46G   0.01979   0.01265         0   0.03244        16       640    0.9074    0.9414    0.9531    0.7395   0.01465   0.01148         0
    40/299     6.46G   0.01984   0.01264         0   0.03247         9       640    0.8794    0.9446    0.9536    0.7406   0.01453   0.01152         0
    41/299     6.46G   0.01963    0.0128         0   0.03242        12       640    0.9037    0.9475     0.955    0.7446   0.01436   0.01136         0
    42/299     6.46G   0.02007   0.01276         0   0.03283        11       640    0.9086    0.9409     0.954    0.7396   0.01466   0.01148         0
    43/299     6.46G   0.01975   0.01263         0   0.03238         9       640    0.8938    0.9438    0.9543    0.7427   0.01447   0.01139         0
    44/299     6.46G   0.01944   0.01251         0   0.03195        11       640    0.9024    0.9453    0.9552    0.7501   0.01433   0.01129         0
    45/299     6.46G   0.01944   0.01244         0   0.03188         8       640    0.9037     0.946    0.9558    0.7478   0.01438   0.01125         0
    46/299     6.46G   0.01932   0.01242         0   0.03174        13       640    0.9086    0.9453     0.955    0.7464   0.01431    0.0112         0
    47/299     6.46G   0.01929   0.01233         0   0.03162        11       640       0.9     0.946    0.9546    0.7498   0.01432   0.01126         0
    48/299     6.46G   0.01922    0.0125         0   0.03172        12       640    0.9106    0.9453    0.9565    0.7536   0.01401   0.01109         0
    49/299     6.46G   0.01912   0.01245         0   0.03157        12       640    0.9105    0.9438    0.9548    0.7563   0.01395   0.01099         0
    50/299     6.46G   0.01915   0.01238         0   0.03152        14       640     0.911    0.9438    0.9557    0.7578   0.01389   0.01095         0
    51/299     6.46G   0.01888   0.01254         0   0.03142        13       640    0.9097     0.946    0.9554    0.7603   0.01379     0.011         0
    52/299     6.46G   0.01888   0.01233         0   0.03121         9       640    0.9162    0.9468    0.9571    0.7597   0.01377     0.011         0
    53/299     6.46G   0.01898   0.01215         0   0.03114        13       640    0.9146     0.946    0.9567    0.7602   0.01379   0.01096         0
    54/299     6.46G   0.01877   0.01208         0   0.03086        12       640    0.9236    0.9468    0.9567    0.7622   0.01362   0.01089         0
    55/299     6.46G   0.01893    0.0122         0   0.03113        11       640    0.9249    0.9475    0.9566    0.7627   0.01355   0.01083         0
    56/299     6.46G   0.01895   0.01223         0   0.03118        13       640    0.9237    0.9483    0.9573     0.763   0.01355   0.01081         0
    57/299     6.46G   0.01871   0.01203         0   0.03074        10       640    0.9164    0.9468    0.9575    0.7626   0.01353   0.01078         0
    58/299     6.46G   0.01873   0.01218         0   0.03091        10       640    0.9245    0.9497    0.9583    0.7655   0.01354   0.01078         0
    59/299     6.46G   0.01868    0.0121         0   0.03078        15       640    0.9261    0.9483    0.9584    0.7683   0.01344   0.01067         0
    60/299     6.46G   0.01839   0.01199         0   0.03038        10       640    0.9233    0.9475    0.9584    0.7724   0.01332    0.0106         0
    61/299     6.46G   0.01851   0.01199         0    0.0305         7       640    0.9247    0.9475    0.9584    0.7721   0.01327   0.01058         0
    62/299     6.46G   0.01844   0.01203         0   0.03048        16       640    0.9195    0.9497    0.9588    0.7741    0.0132   0.01055         0
    63/299     6.46G   0.01859   0.01215         0   0.03074        13       640    0.9198     0.949    0.9583    0.7741    0.0132   0.01056         0
    64/299     6.46G   0.01833   0.01188         0   0.03021        15       640    0.9271     0.949    0.9585    0.7757   0.01321   0.01054         0
    65/299     6.46G   0.01886   0.01231         0   0.03118        12       640    0.9228     0.949    0.9585    0.7736   0.01323   0.01053         0
    66/299     6.46G   0.01843   0.01205         0   0.03048        19       640    0.9174    0.9497    0.9589    0.7755   0.01318   0.01052         0
    67/299     6.46G   0.01852   0.01209         0   0.03061        13       640    0.9248    0.9497    0.9589    0.7746   0.01312   0.01051         0
    68/299     6.46G    0.0183   0.01198         0   0.03028        15       640    0.9272    0.9505    0.9593    0.7762   0.01309    0.0105         0
    69/299     6.46G   0.01824   0.01197         0    0.0302        12       640     0.928    0.9497    0.9594     0.779   0.01305   0.01046         0
    70/299     6.46G    0.0182    0.0119         0    0.0301        13       640    0.9291    0.9497    0.9595    0.7813     0.013   0.01042         0
    71/299     6.46G   0.01817   0.01182         0      0.03        12       640    0.9273    0.9505    0.9597     0.782   0.01295   0.01038         0
    72/299     6.46G   0.01809   0.01182         0    0.0299        19       640    0.9234    0.9497     0.959    0.7829   0.01289   0.01035         0
    73/299     6.46G   0.01805   0.01173         0   0.02978        15       640     0.925    0.9483    0.9587    0.7814   0.01286   0.01033         0
    74/299     6.46G   0.01798   0.01196         0   0.02994        22       640    0.9271    0.9483    0.9583    0.7824   0.01284   0.01032         0
    75/299     6.46G   0.01805   0.01183         0   0.02988        13       640     0.929     0.949    0.9586    0.7833   0.01283   0.01031         0
    76/299     6.46G   0.01801   0.01169         0   0.02971        10       640    0.9315     0.949    0.9586    0.7829    0.0128   0.01031         0
    77/299     6.46G   0.01792   0.01175         0   0.02967        18       640    0.9308     0.949    0.9589    0.7845   0.01279   0.01029         0
    78/299     6.46G   0.01786   0.01171         0   0.02958        17       640    0.9307    0.9483    0.9591     0.786   0.01275   0.01026         0
    79/299     6.46G   0.01776   0.01178         0   0.02953        12       640    0.9313    0.9483    0.9589    0.7869   0.01273   0.01025         0
    80/299     6.46G   0.01776   0.01174         0   0.02949        16       640    0.9319     0.949    0.9591    0.7877   0.01272   0.01024         0
    81/299     6.46G   0.01789   0.01175         0   0.02965        14       640    0.9303     0.949     0.959    0.7878    0.0127   0.01023         0
    82/299     6.46G   0.01778   0.01164         0   0.02942        13       640    0.9312     0.949    0.9591    0.7887   0.01267   0.01022         0
    83/299     6.46G   0.01769   0.01164         0   0.02933        17       640    0.9326     0.949    0.9591    0.7887   0.01263    0.0102         0
    84/299     6.46G   0.01768    0.0116         0   0.02927        17       640    0.9283     0.949    0.9592    0.7886   0.01261   0.01019         0
    85/299     6.46G   0.01746   0.01148         0   0.02894        11       640    0.9266     0.949    0.9592     0.789   0.01257   0.01018         0
    86/299     6.46G   0.01748    0.0116         0   0.02908        17       640    0.9268     0.949    0.9593    0.7888   0.01253   0.01017         0
    87/299     6.46G    0.0175   0.01164         0   0.02914        11       640    0.9274     0.949    0.9592    0.7887   0.01251   0.01015         0
    88/299     6.46G   0.01732   0.01146         0   0.02878        12       640     0.927    0.9497    0.9594    0.7904   0.01249   0.01013         0
    89/299     6.46G   0.01757   0.01167         0   0.02924        11       640    0.9259    0.9497    0.9594    0.7911   0.01246    0.0101         0
    90/299     6.46G    0.0175   0.01153         0   0.02904        14       640    0.9251    0.9497    0.9595     0.791   0.01245   0.01008         0
    91/299     6.46G   0.01731   0.01158         0   0.02889        18       640    0.9238    0.9497    0.9595    0.7921   0.01244   0.01006         0
    92/299     6.46G   0.01741   0.01137         0   0.02878        14       640    0.9254    0.9497    0.9595     0.793   0.01242   0.01004         0
    93/299     6.46G   0.01723   0.01159         0   0.02881        14       640    0.9252    0.9497    0.9595    0.7936   0.01241   0.01003         0
    94/299     6.46G   0.01725   0.01158         0   0.02882        18       640    0.9259    0.9497    0.9595    0.7942    0.0124   0.01001         0
    95/299     6.46G   0.01748   0.01143         0   0.02891        12       640    0.9264    0.9497    0.9596    0.7948   0.01239      0.01         0
    96/299     6.46G   0.01728   0.01144         0   0.02871        11       640    0.9294    0.9497    0.9596    0.7951   0.01238  0.009984         0
    97/299     6.46G   0.01725   0.01148         0   0.02873        11       640    0.9292    0.9497    0.9597    0.7953   0.01236  0.009971         0
    98/299     6.46G   0.01731   0.01141         0   0.02872        14       640    0.9288    0.9497    0.9597     0.796   0.01235   0.00996         0
    99/299     6.46G   0.01709   0.01141         0   0.02851         8       640    0.9279    0.9497    0.9597    0.7961   0.01234  0.009948         0
   100/299     6.46G   0.01715   0.01146         0   0.02861        13       640    0.9277    0.9497    0.9598    0.7964   0.01233  0.009938         0
   101/299     6.46G   0.01713   0.01152         0   0.02865        13       640    0.9296    0.9497    0.9599    0.7973   0.01232  0.009928         0
   102/299     6.46G   0.01713   0.01145         0   0.02858        16       640    0.9296    0.9497    0.9601    0.7968   0.01231  0.009921         0
   103/299     6.46G   0.01697   0.01127         0   0.02824        19       640    0.9304    0.9497    0.9601     0.797    0.0123  0.009915         0
   104/299     6.46G   0.01713   0.01145         0   0.02858        13       640    0.9294    0.9497    0.9602    0.7974   0.01229  0.009909         0
   105/299     6.46G    0.0174   0.01146         0   0.02887        12       640     0.929    0.9497    0.9602    0.7978    0.0123  0.009906         0
   106/299     6.46G   0.01714    0.0115         0   0.02864        15       640    0.9287    0.9497    0.9603    0.7979   0.01231  0.009909         0
   107/299     6.46G    0.0169   0.01137         0   0.02827        16       640    0.9285    0.9497    0.9602    0.7981    0.0123  0.009903         0
   108/299     6.46G   0.01682   0.01118         0   0.02799        10       640    0.9285    0.9505    0.9603    0.7983    0.0123  0.009899         0
   109/299     6.46G   0.01708   0.01151         0   0.02859        11       640    0.9283    0.9505    0.9604    0.7986   0.01229  0.009896         0
   110/299     6.46G   0.01679   0.01117         0   0.02796        14       640    0.9289    0.9505    0.9605    0.7995   0.01228  0.009889         0
   111/299     6.46G   0.01675   0.01116         0   0.02792        10       640    0.9293    0.9505    0.9606    0.7991   0.01226  0.009877         0
   112/299     6.46G    0.0168   0.01119         0   0.02799        18       640    0.9305    0.9505    0.9606    0.7991   0.01225  0.009866         0
   113/299     6.46G    0.0166   0.01118         0   0.02778        18       640    0.9307    0.9505    0.9607    0.7995   0.01223  0.009856         0
   114/299     6.46G   0.01655    0.0111         0   0.02765        18       640    0.9318    0.9505    0.9607    0.7994   0.01222  0.009845         0
   115/299     6.46G   0.01672   0.01114         0   0.02786        17       640    0.9302    0.9505    0.9608    0.8006   0.01221  0.009836         0
   116/299     6.46G   0.01676   0.01128         0   0.02804        13       640    0.9301    0.9505    0.9608    0.8008    0.0122  0.009828         0
   117/299     6.46G   0.01656   0.01117         0   0.02772        29       640    0.9316    0.9505    0.9609    0.8014   0.01219  0.009819         0
   118/299     6.46G   0.01643   0.01115         0   0.02758        11       640    0.9328    0.9505    0.9609    0.8012   0.01217  0.009808         0
   119/299     6.46G   0.01623    0.0109         0   0.02713         9       640    0.9324    0.9505    0.9609    0.8017   0.01216  0.009798         0
   120/299     6.46G   0.01653   0.01118         0   0.02771        16       640    0.9326    0.9505     0.961    0.8019   0.01216  0.009789         0
   121/299     6.46G   0.01703   0.01153         0   0.02856        17       640    0.9331    0.9505     0.961    0.8017   0.01215  0.009783         0
   122/299     6.46G   0.01666   0.01112         0   0.02777        14       640    0.9354    0.9505     0.961    0.8024   0.01214  0.009777         0
   123/299     6.46G   0.01635   0.01112         0   0.02747        20       640    0.9352    0.9505     0.961    0.8022   0.01213   0.00977         0
   124/299     6.46G   0.01628   0.01088         0   0.02717        12       640    0.9357    0.9512    0.9611    0.8021   0.01212  0.009763         0
   125/299     6.46G   0.01629   0.01098         0   0.02727        10       640    0.9357    0.9512    0.9612    0.8033   0.01211  0.009756         0
   126/299     6.46G   0.01623   0.01087         0   0.02709        17       640    0.9356    0.9512    0.9613    0.8028    0.0121  0.009747         0
   127/299     6.46G    0.0161   0.01097         0   0.02707        10       640    0.9359    0.9512    0.9613    0.8028   0.01209  0.009739         0
   128/299     6.46G   0.01616   0.01099         0   0.02714        11       640    0.9373    0.9512    0.9613    0.8027   0.01207  0.009729         0
   129/299     6.46G   0.01627    0.0109         0   0.02717        21       640    0.9371    0.9512    0.9614    0.8038   0.01206  0.009722         0
   130/299     6.46G   0.01596   0.01082         0   0.02678        20       640    0.9371    0.9512    0.9615    0.8041   0.01205  0.009714         0
   131/299     6.46G   0.01596   0.01078         0   0.02674        12       640    0.9375    0.9505    0.9615    0.8045   0.01204  0.009705         0
   132/299     6.46G    0.0158   0.01073         0   0.02653         9       640    0.9376    0.9505    0.9615    0.8043   0.01203  0.009694         0
   133/299     6.46G   0.01583   0.01079         0   0.02662         9       640    0.9388    0.9505    0.9615    0.8047   0.01201  0.009684         0
   134/299     6.46G   0.01604   0.01087         0   0.02692        14       640    0.9396    0.9505    0.9616    0.8046     0.012  0.009674         0
   135/299     6.46G   0.01579   0.01073         0   0.02651        12       640    0.9401    0.9505    0.9617     0.805   0.01199  0.009664         0
   136/299     6.46G   0.01575   0.01067         0   0.02643        11       640    0.9401    0.9505    0.9617    0.8054   0.01198  0.009654         0
   137/299     6.46G   0.01575   0.01078         0   0.02653        13       640    0.9399    0.9505    0.9617    0.8055   0.01196  0.009644         0
   138/299     6.46G   0.01581   0.01066         0   0.02647        13       640      0.94    0.9505    0.9618    0.8056   0.01195  0.009635         0
   139/299     6.46G   0.01584   0.01077         0   0.02661        12       640    0.9414    0.9505    0.9617    0.8059   0.01194  0.009625         0
   140/299     6.46G   0.01571   0.01068         0   0.02638        12       640    0.9421    0.9505    0.9617     0.806   0.01193  0.009615         0
   141/299     6.46G   0.01564   0.01066         0    0.0263        14       640    0.9422    0.9505    0.9618    0.8069   0.01191  0.009605         0
   142/299     6.46G   0.01626   0.01114         0    0.0274        11       640    0.9422    0.9505    0.9618    0.8069    0.0119  0.009599         0
   143/299     6.46G   0.01599   0.01079         0   0.02678        11       640     0.941    0.9505    0.9618    0.8077   0.01189  0.009591         0
   144/299     6.46G   0.01572   0.01079         0   0.02651        11       640    0.9415    0.9505    0.9618    0.8075   0.01188  0.009581         0
   145/299     6.46G   0.01564   0.01061         0   0.02625        17       640    0.9416    0.9505    0.9618    0.8078   0.01186  0.009571         0
   146/299     6.46G   0.01552   0.01055         0   0.02606        14       640    0.9417    0.9505    0.9618     0.808   0.01185  0.009561         0
   147/299     6.46G   0.01571   0.01061         0   0.02632        16       640     0.943    0.9505    0.9619    0.8075   0.01184  0.009552         0
   148/299     6.46G   0.01534   0.01056         0    0.0259        15       640    0.9445    0.9512    0.9619    0.8091   0.01183  0.009542         0
   149/299     6.46G   0.01539   0.01044         0   0.02583        13       640    0.9439    0.9512     0.962    0.8086   0.01181  0.009532         0
   150/299     6.46G   0.01544   0.01051         0   0.02595         7       640    0.9445    0.9512     0.962    0.8095    0.0118  0.009522         0
   151/299     6.46G    0.0154   0.01053         0   0.02593        16       640    0.9432    0.9512     0.962    0.8102   0.01178  0.009512         0
   152/299     6.46G   0.01531   0.01044         0   0.02574        11       640    0.9433    0.9512     0.962    0.8104   0.01177  0.009501         0
   153/299     6.46G   0.01542   0.01049         0   0.02591        15       640    0.9434    0.9512    0.9621    0.8107   0.01175   0.00949         0
   154/299     6.46G   0.01524    0.0103         0   0.02554        15       640     0.944    0.9512    0.9621    0.8111   0.01173  0.009477         0
   155/299     6.46G   0.01517   0.01021         0   0.02538        11       640    0.9435    0.9512    0.9621    0.8113   0.01172  0.009465         0
   156/299     6.46G   0.01521   0.01039         0    0.0256        14       640    0.9456    0.9512    0.9622    0.8119    0.0117  0.009454         0
   157/299     6.46G   0.01519   0.01047         0   0.02566        19       640    0.9466    0.9512    0.9622    0.8123   0.01169  0.009442         0
   158/299     6.46G   0.01516   0.01045         0    0.0256        13       640    0.9473    0.9512    0.9623    0.8125   0.01167   0.00943         0
   159/299     6.46G   0.01492   0.01027         0   0.02519        15       640    0.9485    0.9512    0.9623    0.8125   0.01166  0.009417         0
   160/299     6.46G   0.01513   0.01032         0   0.02546        16       640    0.9485    0.9512    0.9623    0.8129   0.01164  0.009405         0
   161/299     6.46G   0.01481   0.01022         0   0.02503        14       640    0.9486    0.9512    0.9624    0.8132   0.01162  0.009391         0
   162/299     6.46G   0.01519   0.01044         0   0.02563         9       640    0.9488    0.9512    0.9624    0.8146    0.0116  0.009378         0
   163/299     6.46G   0.01519   0.01029         0   0.02547         8       640     0.949    0.9512    0.9624    0.8149   0.01158  0.009366         0
   164/299     6.46G   0.01506   0.01025         0   0.02531        20       640    0.9482    0.9512    0.9625    0.8152   0.01156  0.009354         0
   165/299     6.46G    0.0151   0.01026         0   0.02536        17       640    0.9485    0.9512    0.9625    0.8159   0.01154  0.009342         0
   166/299     6.46G   0.01473   0.01022         0   0.02495        16       640    0.9496    0.9512    0.9626    0.8173   0.01152   0.00933         0
   167/299     6.46G     0.015   0.01031         0   0.02531        11       640    0.9495    0.9512    0.9626    0.8174    0.0115  0.009318         0
   168/299     6.46G   0.01476   0.01024         0     0.025        15       640    0.9502    0.9512    0.9626    0.8181   0.01148  0.009306         0
   169/299     6.46G   0.01466   0.01011         0   0.02477        10       640    0.9494    0.9512    0.9626    0.8185   0.01147  0.009295         0
   170/299     6.46G   0.01451   0.01012         0   0.02463        13       640    0.9498    0.9516    0.9627    0.8187   0.01145  0.009281         0
   171/299     6.46G   0.01473   0.01016         0   0.02489        19       640    0.9491    0.9512    0.9627    0.8187   0.01143   0.00927         0
   172/299     6.46G   0.01456  0.009999         0   0.02456         9       640    0.9492     0.952    0.9627    0.8198   0.01142  0.009259         0
   173/299     6.46G   0.01481   0.01022         0   0.02504        18       640    0.9499     0.952    0.9628      0.82    0.0114  0.009247         0
   174/299     6.46G   0.01465   0.01018         0   0.02483        12       640    0.9505     0.952    0.9628    0.8207   0.01139  0.009236         0
   175/299     6.46G    0.0146   0.01016         0   0.02476         9       640    0.9505     0.952    0.9629    0.8211   0.01137  0.009224         0
   176/299     6.46G   0.01438  0.009871         0   0.02425         7       640    0.9505     0.952    0.9629     0.821   0.01135  0.009211         0
   177/299     6.46G   0.01449  0.009929         0   0.02442        14       640    0.9512     0.952    0.9628    0.8219   0.01134  0.009198         0
   178/299     6.46G   0.01442  0.009951         0   0.02437         9       640    0.9509     0.952    0.9629    0.8223   0.01132  0.009186         0
   179/299     6.46G   0.01453   0.01002         0   0.02455        10       640    0.9516     0.952    0.9629    0.8223    0.0113  0.009174         0
   180/299     6.46G   0.01449   0.01004         0   0.02454        13       640    0.9504     0.952    0.9629    0.8235   0.01128  0.009159         0
   181/299     6.46G   0.01443  0.009953         0   0.02438        10       640     0.951     0.952     0.963    0.8236   0.01126  0.009147         0
   182/299     6.46G   0.01429  0.009863         0   0.02415        11       640    0.9506     0.952    0.9631    0.8239   0.01125  0.009133         0
   183/299     6.46G   0.01429  0.009833         0   0.02412        17       640    0.9508     0.952     0.963    0.8243   0.01123  0.009119         0
   184/299     6.46G   0.01421  0.009792         0   0.02401        10       640    0.9516     0.952    0.9632    0.8242   0.01121  0.009106         0
   185/299     6.46G   0.01426  0.009857         0   0.02411        14       640    0.9528     0.952    0.9633     0.824   0.01119  0.009093         0
   186/299     6.46G   0.01415  0.009954         0   0.02411        17       640    0.9529     0.952    0.9633    0.8244   0.01118   0.00908         0
   187/299     6.46G   0.01416  0.009823         0   0.02398        11       640    0.9531     0.952    0.9634    0.8258   0.01116  0.009066         0
   188/299     6.46G   0.01413  0.009837         0   0.02396        16       640    0.9526     0.952    0.9634    0.8258   0.01115  0.009051         0
   189/299     6.46G   0.01416  0.009821         0   0.02399        14       640    0.9522     0.952    0.9634    0.8255   0.01113  0.009039         0
   190/299     6.46G   0.01401   0.00979         0    0.0238        15       640    0.9522     0.952    0.9635    0.8266   0.01112  0.009025         0
   191/299     6.46G   0.01396   0.00969         0   0.02365        13       640    0.9524     0.952    0.9635    0.8267    0.0111   0.00901         0
   192/299     6.46G   0.01392  0.009795         0   0.02371        16       640    0.9527     0.952    0.9634    0.8269   0.01109  0.008995         0
   193/299     6.46G   0.01391  0.009567         0   0.02348        13       640    0.9527     0.952    0.9636     0.828   0.01107   0.00898         0
   194/299     6.46G   0.01388  0.009767         0   0.02365        11       640    0.9527     0.952    0.9636    0.8285   0.01105  0.008967         0
   195/299     6.46G   0.01405  0.009811         0   0.02386        13       640    0.9524     0.952    0.9637    0.8291   0.01104  0.008955         0
   196/299     6.46G   0.01377  0.009734         0   0.02351        11       640    0.9534     0.952    0.9637    0.8297   0.01102  0.008943         0
   197/299     6.46G   0.01371  0.009725         0   0.02343        15       640    0.9534     0.952    0.9638    0.8299     0.011  0.008928         0
   198/299     6.46G   0.01381  0.009527         0   0.02334        13       640    0.9535     0.952    0.9638    0.8306   0.01099  0.008913         0
   199/299     6.46G   0.01364  0.009635         0   0.02327        13       640    0.9536     0.952    0.9638    0.8314   0.01097    0.0089         0
   200/299     6.46G   0.01375  0.009601         0   0.02335        18       640    0.9537     0.952    0.9638    0.8319   0.01096  0.008886         0
   201/299     6.46G   0.01371   0.00952         0   0.02323        17       640    0.9532     0.952    0.9639    0.8326   0.01094  0.008872         0
   202/299     6.46G   0.01367  0.009623         0   0.02329        18       640    0.9541     0.952    0.9639    0.8329   0.01092  0.008856         0
   203/299     6.46G   0.01353  0.009569         0    0.0231        15       640    0.9551     0.952    0.9639    0.8328   0.01089  0.008839         0
   204/299     6.46G   0.01352  0.009523         0   0.02304        15       640    0.9559     0.952     0.964    0.8333   0.01087  0.008825         0
   205/299     6.46G    0.0136  0.009664         0   0.02326        10       640    0.9565     0.952     0.964    0.8344   0.01084  0.008809         0
   206/299     6.46G   0.01355  0.009409         0   0.02296        15       640    0.9562     0.952    0.9641    0.8358   0.01082  0.008794         0
   207/299     6.46G   0.01345  0.009476         0   0.02292        14       640    0.9568     0.952    0.9641     0.836    0.0108  0.008777         0
   208/299     6.46G   0.01336  0.009444         0   0.02281        11       640    0.9569     0.952    0.9641    0.8364   0.01078   0.00876         0
   209/299     6.46G   0.01324  0.009244         0   0.02248        17       640     0.957     0.952    0.9642    0.8361   0.01075  0.008742         0
   210/299     6.46G   0.01318  0.009289         0   0.02247         9       640     0.957     0.952    0.9642    0.8367   0.01073  0.008726         0
   211/299     6.46G   0.01327  0.009416         0   0.02269        22       640     0.957     0.952    0.9643    0.8378   0.01071   0.00871         0
   212/299     6.46G   0.01321  0.009338         0   0.02255        15       640     0.957     0.952    0.9643    0.8388   0.01069  0.008695         0
   213/299     6.46G   0.01336  0.009445         0   0.02281        11       640     0.957     0.952    0.9644    0.8398   0.01068  0.008678         0
   214/299     6.46G   0.01323  0.009277         0   0.02251        11       640     0.957     0.952    0.9644    0.8404   0.01066  0.008662         0
   215/299     6.46G   0.01327  0.009362         0   0.02263        10       640    0.9576     0.952    0.9644    0.8404   0.01064  0.008647         0
   216/299     6.46G   0.01313  0.009355         0   0.02248        12       640    0.9585     0.952    0.9645    0.8411   0.01062   0.00863         0
   217/299     6.46G   0.01318  0.009406         0   0.02258        16       640    0.9585     0.952    0.9645    0.8419    0.0106  0.008614         0
   218/299     6.46G   0.01313  0.009219         0   0.02235         8       640    0.9585     0.952    0.9646    0.8433   0.01057  0.008598         0
   219/299     6.46G   0.01302  0.009252         0   0.02228        14       640    0.9585     0.952    0.9646    0.8438   0.01055  0.008583         0
   220/299     6.46G   0.01292  0.009271         0   0.02219        14       640    0.9586     0.952    0.9646    0.8442   0.01053  0.008567         0
   221/299     6.46G   0.01291  0.009058         0   0.02197        12       640    0.9594     0.952    0.9647    0.8446   0.01051  0.008549         0
   222/299     6.46G   0.01294  0.009177         0   0.02212        15       640    0.9607    0.9527    0.9651    0.8443   0.01049  0.008533         0
   223/299     6.46G   0.01284  0.009139         0   0.02198        14       640     0.961    0.9527    0.9651    0.8456   0.01046  0.008517         0
   224/299     6.46G   0.01287  0.009211         0   0.02208         9       640    0.9612    0.9527    0.9652    0.8462   0.01044  0.008501         0
   225/299     6.46G   0.01283  0.009159         0   0.02199        11       640     0.962    0.9527    0.9652    0.8469   0.01041  0.008484         0
   226/299     6.46G    0.0128  0.009073         0   0.02188        12       640    0.9621    0.9527    0.9653    0.8473   0.01039  0.008468         0
   227/299     6.46G   0.01275  0.009092         0   0.02184        10       640    0.9622    0.9527    0.9653    0.8476   0.01036  0.008451         0
   228/299     6.46G    0.0128  0.009085         0   0.02188        10       640    0.9623    0.9527    0.9654    0.8475   0.01034  0.008435         0
   229/299     6.46G   0.01284  0.009251         0   0.02209         9       640    0.9624    0.9527    0.9654    0.8478   0.01032  0.008418         0
   230/299     6.46G   0.01268  0.009095         0   0.02178        12       640    0.9626    0.9527    0.9655    0.8488   0.01029  0.008401         0
   231/299     6.46G   0.01259  0.009083         0   0.02167        13       640    0.9629    0.9527    0.9655    0.8494   0.01027  0.008386         0
   232/299     6.46G   0.01279  0.009091         0   0.02188        11       640     0.963    0.9527    0.9656    0.8495   0.01025  0.008371         0
   233/299     6.46G   0.01272  0.009156         0   0.02187        13       640    0.9631    0.9527    0.9656    0.8489   0.01023  0.008354         0
   234/299     6.46G   0.01263  0.008924         0   0.02156        12       640    0.9635    0.9527    0.9657    0.8505   0.01021  0.008337         0
   235/299     6.46G   0.01265  0.008951         0    0.0216         9       640    0.9635    0.9527    0.9658    0.8513   0.01018   0.00832         0
   236/299     6.46G   0.01255   0.00899         0   0.02154        14       640    0.9635    0.9527    0.9658    0.8517   0.01016  0.008304         0
   237/299     6.46G   0.01264  0.009061         0    0.0217        17       640    0.9636    0.9527    0.9658    0.8521   0.01014  0.008287         0
   238/299     6.46G   0.01265  0.009149         0    0.0218        13       640    0.9635    0.9527    0.9659    0.8527   0.01011   0.00827         0
   239/299     6.46G   0.01256  0.008956         0   0.02152        11       640    0.9635    0.9527    0.9659    0.8528   0.01009  0.008253         0
   240/299     6.46G   0.01247  0.008999         0   0.02147        22       640    0.9636    0.9527    0.9659    0.8531   0.01006  0.008235         0
   241/299     6.46G   0.01254  0.008822         0   0.02137        15       640    0.9635    0.9527     0.966    0.8535   0.01003  0.008217         0
   242/299     6.46G   0.01249  0.008944         0   0.02144        16       640    0.9635    0.9527     0.966     0.855   0.01001  0.008199         0
   243/299     6.46G   0.01235  0.008729         0   0.02108        16       640    0.9633    0.9527     0.966    0.8557  0.009982  0.008182         0
   244/299     6.46G   0.01219  0.008641         0   0.02083        21       640    0.9635    0.9527    0.9661    0.8553  0.009961  0.008165         0
   245/299     6.46G   0.01223  0.008742         0   0.02097        14       640    0.9636    0.9527    0.9661    0.8559  0.009942  0.008148         0
   246/299     6.46G   0.01214  0.008663         0    0.0208        16       640    0.9644    0.9527    0.9662    0.8567  0.009919   0.00813         0
   247/299     6.46G   0.01216  0.008785         0   0.02094        12       640    0.9646    0.9527    0.9663    0.8575  0.009897  0.008114         0
   248/299     6.46G   0.01221   0.00874         0   0.02095        15       640    0.9647    0.9527    0.9663    0.8582  0.009876  0.008096         0
   249/299     6.46G   0.01214  0.008713         0   0.02085        12       640     0.964    0.9527    0.9666    0.8586  0.009855  0.008079         0
   250/299     6.46G    0.0121    0.0087         0    0.0208        14       640    0.9643    0.9527    0.9667    0.8586  0.009829  0.008061         0
   251/299     6.46G   0.01193  0.008517         0   0.02045        12       640    0.9643    0.9527    0.9667    0.8593  0.009799  0.008042         0
   252/299     6.46G   0.01188  0.008515         0   0.02039        15       640    0.9644    0.9527    0.9667    0.8601  0.009779  0.008025         0
   253/299     6.46G   0.01197  0.008603         0   0.02057        17       640    0.9642    0.9527    0.9667    0.8604  0.009756  0.008007         0
   254/299     6.46G   0.01184  0.008701         0   0.02054        11       640    0.9644    0.9527    0.9668    0.8604   0.00973  0.007989         0
   255/299     6.46G   0.01186  0.008545         0    0.0204        16       640    0.9646    0.9527    0.9669    0.8607  0.009706  0.007971         0
   256/299     6.46G   0.01196   0.00868         0   0.02064        11       640    0.9656    0.9527    0.9669    0.8616  0.009678  0.007952         0
   257/299     6.46G   0.01189  0.008616         0   0.02051        13       640    0.9657    0.9527     0.967    0.8626  0.009646  0.007934         0
   258/299     6.46G     0.012  0.008632         0   0.02064        12       640    0.9657    0.9527     0.967    0.8634  0.009619  0.007916         0
   259/299     6.46G   0.01167  0.008527         0    0.0202        13       640    0.9661    0.9527    0.9671    0.8633  0.009589  0.007898         0
   260/299     6.46G    0.0118  0.008578         0   0.02038        14       640    0.9663    0.9527    0.9671     0.864   0.00957  0.007882         0
   261/299     6.46G   0.01171  0.008461         0   0.02018        18       640    0.9662    0.9527    0.9672    0.8644  0.009548  0.007865         0
   262/299     6.46G   0.01167  0.008513         0   0.02019        10       640     0.966    0.9527    0.9672    0.8649  0.009528  0.007848         0
   263/299     6.46G   0.01166  0.008361         0   0.02003        15       640    0.9659    0.9527    0.9673    0.8664  0.009506  0.007832         0
   264/299     6.46G   0.01177  0.008436         0   0.02021        18       640    0.9663    0.9527    0.9673    0.8671  0.009486  0.007817         0
   265/299     6.46G   0.01176   0.00847         0   0.02023        12       640    0.9663    0.9527    0.9673    0.8672  0.009459  0.007801         0
   266/299     6.46G   0.01151  0.008411         0   0.01992        13       640    0.9665    0.9527    0.9673    0.8675  0.009434  0.007782         0
   267/299     6.46G   0.01163  0.008501         0   0.02013        10       640    0.9664    0.9527    0.9674    0.8676  0.009405  0.007764         0
   268/299     6.46G   0.01151  0.008329         0   0.01984        15       640     0.967    0.9527    0.9675    0.8692  0.009375  0.007744         0
   269/299     6.46G   0.01188  0.008514         0    0.0204        13       640    0.9676    0.9527    0.9676    0.8699  0.009345  0.007726         0
   270/299     6.46G   0.01164  0.008292         0   0.01993        14       640    0.9678    0.9527    0.9676    0.8707  0.009323  0.007708         0
   271/299     6.46G    0.0116  0.008353         0   0.01996        11       640    0.9678    0.9527    0.9677    0.8709  0.009297  0.007691         0
   272/299     6.46G   0.01159  0.008433         0   0.02003        15       640     0.968    0.9527    0.9677    0.8712  0.009269  0.007674         0
   273/299     6.46G   0.01157   0.00843         0      0.02        17       640    0.9679    0.9527    0.9677    0.8718  0.009247  0.007656         0
   274/299     6.46G    0.0115   0.00836         0   0.01986        12       640    0.9679    0.9527    0.9678    0.8721  0.009223   0.00764         0
   275/299     6.46G   0.01154  0.008435         0   0.01997        17       640    0.9677    0.9527    0.9678    0.8725  0.009191  0.007622         0
   276/299     6.46G   0.01149  0.008426         0   0.01992        16       640    0.9684    0.9527    0.9679    0.8733  0.009169  0.007605         0
   277/299     6.46G   0.01149   0.00839         0   0.01988        12       640    0.9687    0.9527     0.968    0.8735  0.009141  0.007586         0
   278/299     6.46G   0.01144  0.008271         0   0.01971        11       640    0.9692    0.9527     0.968    0.8734  0.009117  0.007568         0
   279/299     6.46G   0.01144  0.008242         0   0.01968        11       640    0.9695    0.9527     0.968    0.8744  0.009093   0.00755         0
   280/299     6.46G   0.01148  0.008286         0   0.01977        12       640    0.9699    0.9527    0.9681    0.8747  0.009073  0.007532         0
   281/299     6.46G   0.01152  0.008281         0    0.0198        13       640    0.9702    0.9527    0.9682    0.8753  0.009051  0.007515         0
   282/299     6.46G   0.01133  0.008171         0    0.0195        16       640    0.9703    0.9527    0.9682    0.8756  0.009029  0.007497         0
   283/299     6.46G   0.01124  0.008226         0   0.01947        17       640    0.9707    0.9527    0.9682    0.8754  0.009008  0.007479         0
   284/299     6.46G   0.01139  0.008314         0    0.0197        14       640     0.971    0.9527    0.9682    0.8759  0.008982  0.007461         0
   285/299     6.46G   0.01126  0.008216         0   0.01948         9       640     0.971    0.9527    0.9683    0.8761  0.008952  0.007442         0
   286/299     6.46G   0.01147  0.008339         0   0.01981        10       640     0.971    0.9527    0.9683    0.8769  0.008931  0.007425         0
   287/299     6.46G   0.01142  0.008212         0   0.01964        14       640    0.9709    0.9527    0.9684    0.8772  0.008904  0.007405         0
   288/299     6.46G   0.01146  0.008305         0   0.01976        14       640    0.9708    0.9527    0.9685    0.8778  0.008885  0.007389         0
   289/299     6.46G   0.01135  0.008305         0   0.01965        14       640    0.9709    0.9527    0.9685     0.878  0.008866  0.007373         0
   290/299     6.46G   0.01127   0.00823         0    0.0195        15       640    0.9709    0.9527    0.9685    0.8785  0.008837  0.007356         0
   291/299     6.46G   0.01127  0.008183         0   0.01946         7       640    0.9717    0.9527    0.9685    0.8784  0.008817  0.007338         0
   292/299     6.46G   0.01126   0.00805         0   0.01931        16       640    0.9716    0.9527    0.9685     0.879  0.008795  0.007321         0
   293/299     6.46G   0.01145    0.0083         0   0.01975        18       640    0.9714    0.9527    0.9685    0.8799  0.008778  0.007303         0
   294/299     6.46G    0.0112  0.008104         0    0.0193        16       640    0.9713    0.9527    0.9686    0.8802  0.008755  0.007286         0
   295/299     6.46G   0.01109  0.008103         0   0.01919        19       640    0.9713    0.9527    0.9686    0.8807  0.008729  0.007268         0
   296/299     6.46G   0.01123  0.008122         0   0.01935        12       640    0.9714    0.9527    0.9686    0.8806  0.008711  0.007251         0
   297/299     6.46G    0.0112  0.008104         0    0.0193        16       640    0.9714    0.9527    0.9687    0.8809  0.008687  0.007233         0
   298/299     6.46G    0.0113  0.008198         0    0.0195        17       640    0.9713    0.9527    0.9687    0.8816  0.008664  0.007217         0
   299/299     6.46G   0.01108  0.008079         0   0.01916        16       640    0.9713    0.9527    0.9687    0.8817  0.008644    0.0072         0
