     0/299     6.44G   0.07303   0.02533         0   0.09836         6       640         0         0         0         0         0         0         0
     1/299     6.51G   0.04927   0.01741         0   0.06667         9       640         0         0         0         0         0         0         0
     2/299     6.51G   0.04011   0.01523         0   0.05534         7       640         0         0         0         0         0         0         0
     3/299     6.51G   0.03254   0.01327         0   0.04582         5       640    0.7022    0.8954    0.8952    0.5759   0.02084   0.01326         0
     4/299     6.46G   0.02976   0.01278         0   0.04253         6       640    0.7292    0.8932    0.8911    0.5573   0.02239   0.01334         0
     5/299     6.46G   0.02823   0.01219         0   0.04042        10       640    0.8523    0.8932    0.8989    0.5891   0.01894     0.012         0
     6/299     6.46G   0.02605   0.01147         0   0.03751         5       640    0.8165    0.8964    0.8998    0.6099   0.01766   0.01139         0
     7/299     6.46G    0.0244   0.01121         0    0.0356         6       640    0.8682    0.8943     0.901    0.6262   0.01736    0.0109         0
     8/299     6.46G   0.02362   0.01068         0    0.0343         7       640    0.8253    0.8943    0.8975    0.6374   0.01645   0.01083         0
     9/299     6.46G   0.02303   0.01059         0   0.03362         8       640    0.8316    0.8943       0.9    0.6379   0.01635   0.01106         0
    10/299     6.46G   0.02252   0.01021         0   0.03272         9       640    0.8825    0.8943    0.9014    0.6584   0.01598   0.01027         0
    11/299     6.46G   0.02193   0.01024         0   0.03217         6       640    0.9414    0.8943    0.9014    0.6608    0.0157   0.01007         0
    12/299     6.46G   0.02175   0.01021         0   0.03196         6       640     0.958    0.8954     0.903    0.6693   0.01513  0.009958         0
    13/299     6.46G   0.02147   0.01009         0   0.03156         7       640    0.8645    0.8954    0.9024    0.6785   0.01498      0.01         0
    14/299     6.46G   0.02136  0.009915         0   0.03128         4       640     0.927    0.8943    0.9045    0.6808   0.01442   0.00981         0
    15/299     6.46G   0.02074  0.009902         0   0.03064        10       640    0.9303    0.8954    0.9064    0.6807   0.01434  0.009738         0
    16/299     6.46G   0.02086   0.00973         0   0.03059         9       640     0.932    0.8943     0.907    0.6867   0.01424  0.009696         0
    17/299     6.46G   0.02022  0.009587         0   0.02981         4       640    0.9244    0.8943    0.9055    0.6929    0.0141  0.009624         0
    18/299     6.46G   0.02012  0.009591         0   0.02971         7       640    0.9536    0.8943    0.9056    0.6994   0.01396  0.009338         0
    19/299     6.46G   0.02009  0.009519         0   0.02961         6       640     0.963    0.8954     0.911    0.6914   0.01433  0.009516         0
    20/299     6.46G   0.01996  0.009623         0   0.02958         6       640    0.9696    0.8943    0.9069    0.7061   0.01363  0.009256         0
    21/299     6.46G   0.01987   0.00951         0   0.02938         7       640    0.9434    0.8943    0.9051    0.6879   0.01386  0.009572         0
    22/299     6.46G   0.02061  0.009793         0    0.0304         7       640    0.9478    0.8943    0.9031    0.6823   0.01453  0.009598         0
    23/299     6.46G   0.01959  0.009418         0   0.02901         2       640    0.9332    0.8943    0.9044    0.7072   0.01348  0.009246         0
    24/299     6.46G   0.01957  0.009477         0   0.02905         5       640    0.9618    0.8943    0.9115    0.7191   0.01325   0.00913         0
    25/299     6.46G   0.01917  0.009358         0   0.02853         6       640    0.9601    0.8954    0.9097    0.7158   0.01322  0.009056         0
    26/299     6.46G   0.01906  0.009242         0    0.0283         8       640    0.9791    0.8964     0.911    0.7254   0.01269   0.00889         0
    27/299     6.46G   0.01923  0.009259         0   0.02849         8       640    0.9695    0.8943    0.9108    0.7212   0.01292  0.008891         0
    28/299     6.46G     0.019  0.009284         0   0.02829         8       640    0.9469    0.8943    0.9079     0.719   0.01294  0.009135         0
    29/299     6.46G   0.01974  0.009685         0   0.02942         6       640    0.9663    0.8954    0.9092    0.7144   0.01321  0.009167         0
    30/299     6.46G   0.01917  0.009292         0   0.02846         5       640    0.9746    0.8943    0.9123    0.7221   0.01294  0.009073         0
    31/299     6.46G   0.01883  0.009441         0   0.02827         3       640    0.9699    0.8954      0.91    0.7169   0.01306  0.008991         0
    32/299     6.46G   0.01885  0.009242         0   0.02809         8       640    0.9778    0.8954    0.9107    0.7271   0.01269   0.00878         0
    33/299     6.46G    0.0188  0.009213         0   0.02801        10       640    0.9715    0.8954    0.9115    0.7285   0.01273  0.008779         0
    34/299     6.46G   0.02295   0.01086         0   0.03381         7       640      0.94    0.8954     0.905    0.6454    0.0161   0.01011         0
    35/299     6.46G    0.0213   0.01038         0   0.03169         7       640    0.9735    0.8954    0.9097    0.6912   0.01456  0.009504         0
    36/299     6.46G   0.02018  0.009786         0   0.02997         6       640    0.9742    0.8943    0.9102    0.7018   0.01388  0.009285         0
    37/299     6.46G   0.01966  0.009445         0   0.02911         8       640    0.9807    0.8943    0.9122    0.7142   0.01346  0.009039         0
    38/299     6.46G   0.01927  0.009362         0   0.02863         9       640    0.9676    0.8943    0.9124    0.7198   0.01316  0.009033         0
    39/299     6.46G   0.01909  0.009349         0   0.02844         3       640    0.9807    0.8954    0.9115    0.7234   0.01289  0.008845         0
    40/299     6.46G   0.01879  0.009394         0   0.02819         9       640    0.9751    0.8943    0.9122    0.7264   0.01295  0.008909         0
    41/299     6.46G   0.01843  0.009218         0   0.02765         4       640    0.9761    0.8964    0.9124    0.7345   0.01262  0.008724         0
    42/299     6.46G   0.01822  0.009022         0   0.02724         2       640    0.9821    0.8943    0.9146    0.7348   0.01241  0.008659         0
    43/299     6.46G   0.01864  0.009248         0   0.02789         5       640    0.9734    0.8954     0.915    0.7347   0.01257  0.008776         0
    44/299     6.46G   0.01836  0.008992         0   0.02735         6       640    0.9779    0.8964    0.9137    0.7357   0.01247  0.008714         0
    45/299     6.46G   0.01837  0.009195         0   0.02757         5       640    0.9721    0.8954    0.9128    0.7427   0.01235  0.008675         0
    46/299     6.46G   0.01819  0.009101         0   0.02729         5       640    0.9702    0.8954    0.9149    0.7464   0.01217  0.008641         0
    47/299     6.46G   0.01794   0.00891         0   0.02685        13       640    0.9754    0.8964    0.9141    0.7369    0.0122  0.008596         0
    48/299     6.46G   0.01822  0.008986         0   0.02721         6       640    0.9742    0.8964    0.9122    0.7357   0.01225  0.008605         0
    49/299     6.46G   0.02013  0.009718         0   0.02984         6       640    0.9723    0.8943    0.9105    0.7217   0.01295  0.008907         0
    50/299     6.46G   0.01868  0.009221         0    0.0279         9       640     0.971    0.8964    0.9142     0.735    0.0123  0.008591         0
    51/299     6.46G   0.01826  0.009318         0   0.02758         9       640     0.971    0.8964    0.9124    0.7327   0.01211  0.008588         0
    52/299     6.46G   0.01844  0.009197         0   0.02764         8       640    0.9625    0.8954    0.9128     0.738   0.01208  0.008574         0
    53/299     6.46G   0.01885  0.009315         0   0.02817         9       640    0.9788    0.8943    0.9123    0.7318   0.01268  0.008811         0
    54/299     6.46G   0.01819  0.009244         0   0.02744         6       640    0.9672    0.8954    0.9137    0.7378   0.01245  0.008615         0
    55/299     6.46G   0.01792  0.009005         0   0.02693         6       640    0.9856    0.8954    0.9176    0.7469   0.01202  0.008499         0
    56/299     6.46G   0.01833  0.009058         0   0.02739         4       640    0.9763    0.8964     0.914    0.7391   0.01202   0.00855         0
    57/299     6.46G   0.01795  0.009052         0   0.02701         7       640    0.9817    0.8964    0.9142    0.7464   0.01187  0.008446         0
    58/299     6.46G   0.01824   0.00919         0   0.02743         3       640    0.9913    0.8954    0.9166    0.7436   0.01204  0.008543         0
    59/299     6.46G   0.01847  0.009162         0   0.02763         5       640    0.9759    0.8954    0.9147    0.7369   0.01216  0.008674         0
    60/299     6.46G   0.01792  0.008939         0   0.02686         4       640    0.9808    0.8964    0.9149    0.7431    0.0119  0.008482         0
    61/299     6.46G   0.01762  0.008953         0   0.02657         4       640    0.9766    0.8964     0.917    0.7478   0.01184  0.008494         0
    62/299     6.46G   0.01765  0.008906         0   0.02655         4       640    0.9838    0.8964    0.9156    0.7502   0.01165  0.008372         0
    63/299     6.46G   0.01737  0.008897         0   0.02626         9       640    0.9787    0.8954    0.9144    0.7503   0.01163  0.008362         0
    64/299     6.46G   0.01823   0.00914         0   0.02738         6       640    0.9861    0.8954    0.9135     0.731   0.01243  0.008649         0
    65/299     6.46G   0.01838  0.009222         0   0.02761         5       640    0.9772    0.8964    0.9161    0.7412   0.01219  0.008573         0
    66/299     6.46G   0.01766  0.008991         0   0.02665         9       640    0.9831    0.8954     0.916    0.7476   0.01192  0.008391         0
    67/299     6.46G   0.01769  0.008943         0   0.02663         6       640     0.988    0.8964    0.9153    0.7535   0.01173   0.00832         0
    68/299     6.46G   0.01748  0.008967         0   0.02644        15       640    0.9847    0.8964    0.9167    0.7549   0.01155  0.008243         0
    69/299     6.46G   0.01733  0.008758         0   0.02609         9       640    0.9831    0.8964    0.9174    0.7575   0.01145  0.008225         0
    70/299     6.46G   0.01701    0.0087         0   0.02571         7       640    0.9795    0.8964    0.9165    0.7551   0.01137  0.008194         0
    71/299     6.46G   0.01692  0.008509         0   0.02543         6       640    0.9746    0.8964    0.9181    0.7617    0.0113  0.008136         0
    72/299     6.46G   0.01707  0.008741         0   0.02582         4       640    0.9789    0.8964    0.9186    0.7619    0.0113  0.008142         0
    73/299     6.46G   0.01678   0.00874         0   0.02552         5       640     0.986    0.8964    0.9196    0.7658   0.01122  0.008109         0
    74/299     6.46G   0.01692  0.008616         0   0.02553         9       640    0.9821    0.8954      0.92    0.7662   0.01125   0.00812         0
    75/299     6.46G   0.01744  0.008863         0   0.02631         6       640    0.9836    0.8954    0.9171    0.7589   0.01131  0.008135         0
    76/299     6.46G   0.01706  0.008762         0   0.02583         7       640    0.9871    0.8954    0.9185    0.7652    0.0112  0.008087         0
    77/299     6.46G   0.01707  0.008837         0    0.0259        11       640    0.9829    0.8954    0.9166    0.7605   0.01119  0.008132         0
    78/299     6.46G   0.01808  0.009106         0   0.02719        11       640    0.9897    0.8954    0.9148    0.7529   0.01147   0.00822         0
    79/299     6.46G   0.01781  0.009131         0   0.02695         6       640    0.9929    0.8954    0.9141    0.7533    0.0115  0.008241         0
    80/299     6.46G   0.01733  0.008863         0   0.02619         7       640    0.9861    0.8954    0.9146    0.7542    0.0114  0.008191         0
    81/299     6.46G   0.01699  0.008591         0   0.02558         7       640    0.9941    0.8964    0.9165    0.7573   0.01133  0.008172         0
    82/299     6.46G   0.01672  0.008554         0   0.02527         7       640    0.9922    0.8964    0.9168    0.7589   0.01122   0.00812         0
    83/299     6.46G   0.01674  0.008473         0   0.02522         4       640    0.9906    0.8964    0.9163    0.7604   0.01114  0.008067         0
    84/299     6.46G   0.01671  0.008646         0   0.02535         3       640    0.9842    0.8964    0.9172    0.7628   0.01108  0.008023         0
    85/299     6.46G   0.01668  0.008647         0   0.02533         6       640    0.9881    0.8964     0.918    0.7676   0.01102   0.00798         0
    86/299     6.46G   0.01647  0.008505         0   0.02497         4       640     0.993    0.8964    0.9183    0.7691   0.01095  0.007951         0
    87/299     6.46G   0.01628  0.008443         0   0.02472         9       640    0.9887    0.8964    0.9187    0.7691    0.0109  0.007927         0
    88/299     6.46G   0.01636   0.00847         0   0.02483         4       640    0.9897    0.8964    0.9191    0.7718   0.01087  0.007927         0
    89/299     6.46G   0.01704  0.008848         0   0.02589        11       640    0.9901    0.8964    0.9181    0.7708   0.01089  0.007968         0
    90/299     6.46G   0.01703  0.008728         0   0.02576        11       640    0.9875    0.8964    0.9183    0.7701   0.01094  0.008014         0
    91/299     6.46G   0.01647   0.00846         0   0.02493         8       640     0.989    0.8964    0.9191    0.7708   0.01094  0.007994         0
    92/299     6.46G    0.0164  0.008475         0   0.02487         8       640    0.9917    0.8964    0.9198    0.7723   0.01089  0.007971         0
    93/299     6.46G   0.01718  0.008717         0    0.0259         5       640    0.9965    0.8964    0.9197    0.7689    0.0109  0.007952         0
    94/299     6.46G   0.01668  0.008564         0   0.02524         4       640    0.9928    0.8964    0.9192     0.768   0.01092  0.007965         0
    95/299     6.46G   0.01665  0.008626         0   0.02528         6       640    0.9893    0.8964    0.9189    0.7676   0.01095  0.007982         0
    96/299     6.46G   0.01627  0.008354         0   0.02463         8       640    0.9879    0.8964    0.9194    0.7679   0.01092  0.007975         0
    97/299     6.46G   0.01639  0.008451         0   0.02484         6       640    0.9872    0.8964    0.9195    0.7694   0.01088  0.007946         0
    98/299     6.46G   0.01664  0.008699         0   0.02534         9       640    0.9893    0.8964    0.9193    0.7691   0.01083  0.007918         0
    99/299     6.46G   0.01733  0.008927         0   0.02626         7       640    0.9866    0.8964    0.9187    0.7669   0.01095  0.007962         0
   100/299     6.46G   0.01902  0.009564         0   0.02858         6       640    0.9943    0.8964    0.9222    0.7595   0.01141  0.008169         0
   101/299     6.46G   0.01979  0.009944         0   0.02974         3       640    0.9887    0.8921    0.9155    0.6987   0.01412  0.009764         0
   102/299     6.46G   0.01813  0.009243         0   0.02738        13       640    0.9855    0.8773     0.912    0.6475   0.01618   0.01191         0
   103/299     6.46G   0.01781  0.009109         0   0.02692         9       640    0.9853    0.8587    0.9061    0.6342   0.01689   0.01321         0
   104/299     6.46G   0.01978   0.01001         0   0.02979         5       640    0.9042   0.05093    0.3318    0.1529   0.04753   0.05924         0
   105/299     6.46G   0.01809  0.009088         0   0.02718         2       640    0.8183   0.02913    0.2587    0.1058   0.05937   0.05615         0
   106/299     6.46G   0.01758   0.00907         0   0.02665         7       640    0.8905   0.05264    0.2855    0.1223   0.05602   0.05527         0
   107/299     6.46G   0.01736  0.008915         0   0.02627         9       640    0.9144    0.1037    0.3774    0.1742   0.04595   0.05326         0
   108/299     6.46G   0.01702   0.00872         0   0.02574         5       640     0.943    0.2318     0.533    0.2765   0.03532    0.0455         0
   109/299     6.46G   0.01698   0.00868         0   0.02566         5       640    0.9857    0.4455    0.7209    0.4099   0.02637   0.03358         0
   110/299     6.46G   0.01687  0.008824         0   0.02569         6       640    0.9889    0.6708    0.8407    0.5088    0.0211    0.0229         0
   111/299     6.46G   0.01658  0.008609         0   0.02519         4       640    0.9865    0.7898    0.8874    0.5707   0.01861   0.01728         0
   112/299     6.46G   0.01666  0.008597         0   0.02525         6       640    0.9787    0.8533    0.9026    0.6084   0.01705   0.01394         0
   113/299     6.46G   0.01652  0.008367         0   0.02489         9       640    0.9743    0.8803    0.9111    0.6401   0.01589   0.01195         0
   114/299     6.46G   0.01642   0.00857         0   0.02499         3       640    0.9774    0.8889    0.9129    0.6638   0.01512   0.01095         0
   115/299     6.46G   0.01812  0.009297         0   0.02742        10       640    0.9768    0.8878    0.9146     0.665   0.01509    0.0109         0
   116/299     6.46G   0.01936  0.009712         0   0.02907         6       640    0.9918    0.7877    0.8875    0.5854   0.01837    0.0176         0
   117/299     6.46G    0.0186  0.009488         0   0.02808         6       640    0.9983    0.6315    0.8195    0.5182   0.02165   0.02516         0
   118/299     6.46G   0.01756   0.00894         0    0.0265        10       640         1    0.6333    0.8239    0.5316    0.0213   0.02491         0
   119/299     6.46G   0.01682   0.00869         0   0.02551         7       640         1    0.6986    0.8547    0.5661   0.01968   0.02184         0
   120/299     6.46G   0.01677  0.008679         0   0.02545         8       640    0.9943    0.7542    0.8815    0.5962   0.01826   0.01848         0
   121/299     6.46G   0.01668  0.008691         0   0.02537         3       640    0.9948    0.8184    0.8966    0.6196   0.01721   0.01581         0
   122/299     6.46G   0.01691  0.008793         0    0.0257         5       640    0.9925    0.8532    0.9052    0.6342   0.01649   0.01412         0
   123/299     6.46G     0.017  0.008749         0   0.02575         7       640    0.9893    0.8684    0.9093    0.6466     0.016   0.01303         0
   124/299     6.46G   0.01689  0.008844         0   0.02573         9       640     0.989    0.8697    0.9106    0.6461   0.01604   0.01302         0
   125/299     6.46G   0.01638  0.008487         0   0.02486         8       640    0.9903    0.8749    0.9124    0.6503   0.01582   0.01249         0
   126/299     6.46G    0.0163  0.008393         0    0.0247        10       640    0.9892    0.8803    0.9138    0.6553   0.01558   0.01199         0
   127/299     6.46G   0.01598  0.008377         0   0.02436         6       640    0.9879    0.8821     0.915    0.6643   0.01529   0.01148         0
   128/299     6.46G   0.01613  0.008423         0   0.02455         5       640    0.9881    0.8846    0.9162    0.6719   0.01502   0.01103         0
   129/299     6.46G   0.01618  0.008556         0   0.02473         8       640    0.9874    0.8878    0.9169    0.6782   0.01477   0.01068         0
   130/299     6.46G   0.01619  0.008474         0   0.02466         8       640    0.9887      0.89    0.9171    0.6817   0.01463   0.01048         0
   131/299     6.46G   0.01583  0.008364         0   0.02419         9       640    0.9869      0.89    0.9174    0.6844   0.01451   0.01032         0
   132/299     6.46G   0.01585   0.00813         0   0.02398         3       640    0.9877    0.8932     0.918    0.6889   0.01436   0.01014         0
   133/299     6.46G   0.01565  0.008181         0   0.02383         7       640    0.9888    0.8932    0.9184    0.6956   0.01419  0.009976         0
   134/299     6.46G   0.01538   0.00812         0    0.0235         5       640    0.9871    0.8932    0.9186    0.6992   0.01405   0.00983         0
   135/299     6.46G   0.01637  0.008424         0   0.02479         4       640    0.9884    0.8932    0.9186     0.701   0.01398  0.009766         0
   136/299     6.46G   0.01651  0.008667         0   0.02518         4       640    0.9878    0.8932    0.9187    0.7019   0.01402  0.009808         0
   137/299     6.46G   0.01615  0.008519         0   0.02467         6       640    0.9891    0.8932    0.9188     0.702   0.01401  0.009806         0
   138/299     6.46G   0.01577  0.008327         0    0.0241         6       640    0.9902    0.8943    0.9188    0.7024   0.01397   0.00977         0
   139/299     6.46G   0.01571  0.008125         0   0.02384         5       640    0.9908    0.8943    0.9189     0.704   0.01392  0.009728         0
   140/299     6.46G   0.01573   0.00823         0   0.02396         6       640    0.9906    0.8943    0.9191    0.7056   0.01387  0.009673         0
   141/299     6.46G   0.01549  0.008266         0   0.02376        10       640    0.9905    0.8953    0.9193     0.708    0.0138  0.009611         0
   142/299     6.46G   0.01535  0.008069         0   0.02342         5       640    0.9894    0.8954    0.9195    0.7092   0.01373  0.009553         0
   143/299     6.46G   0.01564  0.008144         0   0.02378         4       640    0.9894    0.8954    0.9196    0.7112   0.01366    0.0095         0
   144/299     6.46G   0.01525  0.008083         0   0.02333         3       640    0.9897    0.8964      0.92    0.7134   0.01359  0.009447         0
   145/299     6.46G   0.01552  0.008133         0   0.02365         7       640    0.9896    0.8964    0.9201    0.7153   0.01353  0.009406         0
   146/299     6.46G   0.01529  0.008054         0   0.02334         5       640    0.9898    0.8964    0.9203    0.7184   0.01347  0.009361         0
   147/299     6.46G   0.01508  0.008149         0   0.02323         5       640    0.9901    0.8964    0.9204    0.7202   0.01341  0.009308         0
   148/299     6.46G   0.01536  0.008108         0   0.02347         7       640    0.9906    0.8964    0.9204    0.7217   0.01334   0.00925         0
   149/299     6.46G   0.01556  0.008321         0   0.02388         6       640    0.9914    0.8964    0.9206     0.724   0.01327    0.0092         0
   150/299     6.46G   0.01497  0.008069         0   0.02304         1       640    0.9929    0.8964    0.9207    0.7259    0.0132  0.009155         0
   151/299     6.46G   0.01508  0.008001         0   0.02309        11       640     0.993    0.8964    0.9207    0.7267   0.01313  0.009115         0
   152/299     6.46G   0.01513  0.007911         0   0.02304         6       640     0.993    0.8964    0.9208    0.7275   0.01307  0.009074         0
   153/299     6.46G   0.01501  0.008009         0   0.02302         3       640     0.993    0.8964     0.921    0.7306   0.01301  0.009036         0
   154/299     6.46G   0.01485  0.007949         0    0.0228         9       640     0.993    0.8964    0.9211    0.7319   0.01295  0.008999         0
   155/299     6.46G   0.01482  0.007902         0   0.02273         3       640    0.9931    0.8964    0.9212    0.7329   0.01288  0.008962         0
   156/299     6.46G   0.01494   0.00786         0    0.0228         5       640    0.9931    0.8964    0.9213    0.7347   0.01283  0.008928         0
   157/299     6.46G   0.01463  0.007853         0   0.02248         9       640    0.9932    0.8964    0.9215     0.736   0.01278  0.008896         0
   158/299     6.46G   0.01466  0.007845         0    0.0225         6       640    0.9934    0.8964    0.9216    0.7375   0.01273  0.008866         0
   159/299     6.46G   0.01479  0.007934         0   0.02272         4       640    0.9936    0.8964    0.9217    0.7392   0.01268  0.008835         0
   160/299     6.46G   0.01472  0.007825         0   0.02254         6       640    0.9941    0.8964    0.9219    0.7407   0.01264  0.008811         0
   161/299     6.46G   0.01466  0.007838         0    0.0225         8       640    0.9942    0.8964    0.9221    0.7418    0.0126  0.008786         0
   162/299     6.46G   0.01478  0.007984         0   0.02277         6       640    0.9944    0.8964    0.9221    0.7434   0.01256   0.00876         0
   163/299     6.46G   0.01477  0.007964         0   0.02273         8       640    0.9945    0.8964    0.9223    0.7441   0.01252  0.008735         0
   164/299     6.46G    0.0149  0.007945         0   0.02285        10       640    0.9945    0.8964    0.9223    0.7456   0.01248   0.00871         0
   165/299     6.46G   0.01448   0.00784         0   0.02232         8       640    0.9945    0.8964    0.9225    0.7471   0.01244  0.008686         0
   166/299     6.46G   0.01465  0.007874         0   0.02252        12       640    0.9946    0.8964    0.9227    0.7476    0.0124  0.008661         0
   167/299     6.46G    0.0146  0.007796         0   0.02239         5       640    0.9946    0.8964    0.9226     0.749   0.01235  0.008638         0
   168/299     6.46G   0.01456  0.007802         0   0.02236        12       640    0.9946    0.8964    0.9228    0.7499   0.01232  0.008616         0
   169/299     6.46G   0.01429  0.007775         0   0.02207         3       640    0.9946    0.8964    0.9228    0.7508   0.01228  0.008596         0
   170/299     6.46G   0.01431   0.00774         0   0.02205         6       640    0.9946    0.8964    0.9231    0.7509   0.01225  0.008576         0
   171/299     6.46G   0.01432  0.007699         0   0.02202         7       640    0.9947    0.8964    0.9232    0.7516   0.01221  0.008554         0
   172/299     6.46G   0.01424   0.00775         0   0.02199         9       640    0.9947    0.8964    0.9234    0.7528   0.01218  0.008532         0
   173/299     6.46G   0.01432  0.007741         0   0.02206         7       640    0.9947    0.8964    0.9235    0.7537   0.01215  0.008514         0
   174/299     6.46G   0.01423   0.00776         0   0.02199         6       640    0.9947    0.8964    0.9236     0.755   0.01211  0.008495         0
   175/299     6.46G   0.01429  0.007777         0   0.02207        13       640    0.9948    0.8964    0.9236    0.7557   0.01208  0.008476         0
   176/299     6.46G   0.01415  0.007712         0   0.02186         6       640    0.9948    0.8964    0.9238    0.7562   0.01205   0.00846         0
   177/299     6.46G   0.01403  0.007651         0   0.02168         5       640    0.9948    0.8964    0.9239    0.7574   0.01202  0.008442         0
   178/299     6.46G   0.01435  0.007705         0   0.02206         5       640    0.9948    0.8964    0.9242    0.7588   0.01199  0.008424         0
   179/299     6.46G   0.01431  0.007723         0   0.02204         5       640    0.9948    0.8964    0.9243    0.7597   0.01196  0.008407         0
   180/299     6.46G   0.01394  0.007609         0   0.02155         7       640    0.9948    0.8964    0.9244     0.761   0.01193   0.00839         0
   181/299     6.46G   0.01396  0.007599         0   0.02156        11       640    0.9948    0.8964    0.9243    0.7611    0.0119  0.008374         0
   182/299     6.46G   0.01423  0.007683         0   0.02191         6       640    0.9949    0.8964    0.9244    0.7624   0.01187  0.008357         0
   183/299     6.46G   0.01374  0.007583         0   0.02132         6       640    0.9949    0.8964    0.9246    0.7631   0.01184  0.008342         0
   184/299     6.46G   0.01421  0.007624         0   0.02183         8       640    0.9948    0.8964    0.9247    0.7639   0.01182  0.008328         0
   185/299     6.46G   0.01568  0.008335         0   0.02402         9       640    0.9948    0.8964    0.9248    0.7639   0.01182  0.008336         0
   186/299     6.46G   0.01491   0.00799         0    0.0229         9       640    0.9947    0.8964    0.9246    0.7631   0.01184  0.008351         0
   187/299     6.46G   0.01446   0.00779         0   0.02225         5       640    0.9947    0.8964    0.9247    0.7635   0.01184  0.008355         0
   188/299     6.46G   0.01433  0.007811         0   0.02214         9       640    0.9948    0.8964    0.9246     0.763   0.01184  0.008354         0
   189/299     6.46G   0.01411  0.007652         0   0.02177         4       640    0.9954    0.8964    0.9248    0.7633   0.01184  0.008352         0
   190/299     6.46G   0.01383  0.007568         0   0.02139         8       640    0.9955    0.8964    0.9247    0.7634   0.01183  0.008348         0
   191/299     6.46G   0.01395  0.007569         0   0.02151         5       640    0.9955    0.8964    0.9249    0.7642   0.01182  0.008342         0
   192/299     6.46G   0.01419  0.007627         0   0.02182         7       640    0.9951    0.8964     0.925    0.7635   0.01182  0.008336         0
   193/299     6.46G   0.01429  0.007683         0   0.02197        10       640    0.9947    0.8964    0.9251    0.7646   0.01181  0.008329         0
   194/299     6.46G   0.01446  0.007845         0   0.02231         5       640    0.9937    0.8964    0.9252    0.7659    0.0118  0.008323         0
   195/299     6.46G    0.0141  0.007676         0   0.02177         5       640    0.9936    0.8964    0.9251    0.7652   0.01178  0.008312         0
   196/299     6.46G   0.01397  0.007541         0   0.02151         7       640    0.9937    0.8964    0.9252    0.7662   0.01176  0.008302         0
   197/299     6.46G   0.01376  0.007461         0   0.02122         7       640    0.9936    0.8964    0.9252    0.7672   0.01174  0.008291         0
   198/299     6.46G   0.01392  0.007617         0   0.02154         5       640    0.9936    0.8964    0.9253    0.7678   0.01173  0.008281         0
   199/299     6.46G   0.01354  0.007473         0   0.02101        11       640    0.9936    0.8964    0.9254    0.7685   0.01171  0.008271         0
   200/299     6.46G   0.01351  0.007405         0   0.02091         5       640    0.9936    0.8964    0.9255    0.7686   0.01169  0.008258         0
   201/299     6.46G   0.01354  0.007464         0     0.021        10       640    0.9924    0.8964    0.9255    0.7692   0.01167  0.008247         0
   202/299     6.46G   0.01349  0.007369         0   0.02086         7       640    0.9936    0.8964    0.9255    0.7694   0.01165  0.008237         0
   203/299     6.46G   0.01363  0.007387         0   0.02102         6       640    0.9936    0.8964    0.9255    0.7698   0.01163  0.008227         0
   204/299     6.46G   0.01357  0.007395         0   0.02097         7       640    0.9936    0.8964    0.9256    0.7702   0.01162  0.008217         0
   205/299     6.46G   0.01337  0.007386         0   0.02076         3       640    0.9936    0.8964    0.9258    0.7707    0.0116  0.008207         0
   206/299     6.46G   0.01359  0.007501         0   0.02109         6       640    0.9948    0.8964    0.9258    0.7711   0.01158  0.008196         0
   207/299     6.46G   0.01345  0.007359         0   0.02081         8       640    0.9947    0.8964    0.9259    0.7718   0.01156  0.008184         0
   208/299     6.46G   0.01328  0.007341         0   0.02062         4       640    0.9935    0.8964     0.926    0.7725   0.01155  0.008174         0
   209/299     6.46G    0.0134  0.007322         0   0.02072         6       640    0.9935    0.8964    0.9261    0.7724   0.01153  0.008163         0
   210/299     6.46G   0.01345  0.007337         0   0.02079         4       640    0.9923    0.8964    0.9262    0.7727   0.01151  0.008152         0
   211/299     6.46G    0.0134  0.007454         0   0.02085         4       640    0.9923    0.8964    0.9263    0.7739   0.01149  0.008141         0
   212/299     6.46G   0.01347  0.007374         0   0.02084         9       640    0.9923    0.8964    0.9264    0.7742   0.01147   0.00813         0
   213/299     6.46G   0.01346  0.007377         0   0.02083         4       640    0.9923    0.8964    0.9264    0.7736   0.01145  0.008118         0
   214/299     6.46G   0.01332  0.007375         0    0.0207         4       640    0.9923    0.8964    0.9263    0.7743   0.01143  0.008106         0
   215/299     6.46G   0.01318  0.007167         0   0.02035         4       640    0.9923    0.8964    0.9263    0.7756   0.01141  0.008094         0
   216/299     6.46G   0.01319  0.007344         0   0.02054         6       640    0.9924    0.8964    0.9264    0.7753   0.01139  0.008083         0
   217/299     6.46G   0.01326  0.007302         0   0.02056         5       640    0.9924    0.8964    0.9267     0.776   0.01137  0.008072         0
   218/299     6.46G   0.01294  0.007214         0   0.02015         4       640    0.9924    0.8964    0.9266     0.777   0.01135  0.008061         0
   219/299     6.46G   0.01319  0.007282         0   0.02047         8       640    0.9924    0.8964    0.9266    0.7766   0.01134   0.00805         0
   220/299     6.46G   0.01289  0.007165         0   0.02005         5       640    0.9925    0.8964    0.9269    0.7773   0.01132  0.008038         0
   221/299     6.46G   0.01285  0.007168         0   0.02001        11       640    0.9926    0.8964    0.9269    0.7782    0.0113  0.008029         0
   222/299     6.46G   0.01291  0.007141         0   0.02005         5       640    0.9926    0.8964    0.9269    0.7785   0.01129  0.008018         0
   223/299     6.46G   0.01297  0.007169         0   0.02014         3       640    0.9927    0.8964     0.927    0.7797   0.01127  0.008008         0
   224/299     6.46G   0.01285  0.007105         0   0.01996         6       640    0.9928    0.8964    0.9271    0.7799   0.01125  0.007998         0
   225/299     6.46G   0.01275  0.007099         0   0.01985        11       640    0.9934    0.8964    0.9274    0.7805   0.01123  0.007987         0
   226/299     6.46G   0.01287  0.007162         0   0.02003         3       640    0.9937    0.8964    0.9273    0.7806   0.01122  0.007978         0
   227/299     6.46G   0.01279  0.007178         0   0.01997         4       640    0.9938    0.8964    0.9275     0.781    0.0112  0.007969         0
   228/299     6.46G    0.0128  0.007188         0   0.01999         5       640    0.9939    0.8964    0.9275    0.7814   0.01119  0.007959         0
   229/299     6.46G   0.01278  0.007149         0   0.01993         9       640    0.9939    0.8964    0.9275    0.7818   0.01117  0.007948         0
   230/299     6.46G    0.0128  0.007083         0   0.01988         5       640    0.9939    0.8964    0.9275    0.7814   0.01115  0.007938         0
   231/299     6.46G    0.0127  0.007116         0   0.01982         6       640     0.994    0.8964    0.9276    0.7831   0.01114  0.007927         0
   232/299     6.46G   0.01269  0.007005         0    0.0197        10       640    0.9942    0.8964    0.9277    0.7839   0.01112  0.007917         0
   233/299     6.46G   0.01265  0.006963         0   0.01961         5       640    0.9948    0.8964    0.9278    0.7839    0.0111  0.007907         0
   234/299     6.46G   0.01256   0.00706         0   0.01962         7       640    0.9952    0.8964    0.9278    0.7846   0.01109  0.007896         0
   235/299     6.46G   0.01249  0.007034         0   0.01953        14       640    0.9953    0.8964    0.9278     0.785   0.01107  0.007885         0
   236/299     6.46G   0.01274  0.007241         0   0.01998         4       640    0.9953    0.8964     0.928    0.7852   0.01106  0.007874         0
   237/299     6.46G    0.0126  0.007016         0   0.01961         4       640    0.9954    0.8964     0.928     0.785   0.01104  0.007863         0
   238/299     6.46G   0.01284  0.007035         0   0.01987         6       640    0.9955    0.8964    0.9279    0.7857   0.01102  0.007853         0
   239/299     6.46G   0.01252  0.007103         0   0.01962        11       640    0.9954    0.8964    0.9281    0.7863   0.01101  0.007842         0
   240/299     6.46G   0.01216    0.0068         0   0.01896         5       640    0.9953    0.8964    0.9282    0.7871   0.01099  0.007831         0
   241/299     6.46G   0.01255   0.00715         0    0.0197         7       640     0.995    0.8964    0.9282    0.7875   0.01097  0.007821         0
   242/299     6.46G   0.01285  0.007151         0      0.02        10       640    0.9949    0.8964    0.9283    0.7884   0.01095   0.00781         0
   243/299     6.46G    0.0124  0.007011         0   0.01941         7       640    0.9951    0.8964    0.9284    0.7887   0.01093  0.007798         0
   244/299     6.46G   0.01234   0.00695         0   0.01929         6       640    0.9953    0.8964    0.9286    0.7895   0.01092  0.007786         0
   245/299     6.46G   0.01227  0.006988         0   0.01926         8       640    0.9954    0.8964    0.9286    0.7896    0.0109  0.007775         0
   246/299     6.46G   0.01214  0.006904         0   0.01905        10       640    0.9955    0.8964    0.9288    0.7908   0.01088  0.007765         0
   247/299     6.46G   0.01228  0.006998         0   0.01928        10       640    0.9955    0.8964    0.9288    0.7911   0.01086  0.007754         0
   248/299     6.46G   0.01247  0.006928         0    0.0194         6       640    0.9955    0.8964    0.9289    0.7912   0.01084  0.007744         0
   249/299     6.46G   0.01219  0.006922         0   0.01911         4       640    0.9956    0.8964    0.9289    0.7917   0.01083  0.007733         0
   250/299     6.46G   0.01239  0.007005         0   0.01939         6       640    0.9956    0.8964    0.9289    0.7918   0.01081  0.007723         0
   251/299     6.46G   0.01215  0.006887         0   0.01904         9       640    0.9957    0.8964    0.9291    0.7924   0.01079  0.007713         0
   252/299     6.46G   0.01202  0.006863         0   0.01888         8       640    0.9957    0.8964     0.929    0.7923   0.01078  0.007703         0
   253/299     6.46G   0.01194  0.006827         0   0.01877         4       640    0.9957    0.8964    0.9292    0.7935   0.01076  0.007693         0
   254/299     6.46G   0.01219  0.006865         0   0.01905         5       640    0.9957    0.8964    0.9293    0.7943   0.01074  0.007684         0
   255/299     6.46G   0.01208  0.006772         0   0.01885         8       640    0.9957    0.8964    0.9293    0.7937   0.01073  0.007674         0
   256/299     6.46G   0.01208  0.006868         0   0.01895         4       640    0.9958    0.8964    0.9295    0.7941   0.01071  0.007663         0
   257/299     6.46G   0.01215  0.006868         0   0.01902         5       640    0.9958    0.8964    0.9296     0.794   0.01069  0.007651         0
   258/299     6.46G    0.0121  0.006785         0   0.01889         5       640    0.9958    0.8964    0.9295    0.7944   0.01068  0.007641         0
   259/299     6.46G   0.01208  0.006914         0   0.01899         9       640    0.9959    0.8964    0.9297    0.7945   0.01066  0.007631         0
   260/299     6.46G    0.0122   0.00702         0   0.01922         9       640    0.9959    0.8964    0.9297    0.7959   0.01064  0.007622         0
   261/299     6.46G   0.01216  0.006965         0   0.01913         5       640    0.9959    0.8964    0.9297    0.7967   0.01063  0.007612         0
   262/299     6.46G   0.01207   0.00681         0   0.01888         8       640    0.9959    0.8964    0.9297    0.7968   0.01061  0.007603         0
   263/299     6.46G   0.01213   0.00686         0   0.01899         4       640     0.996    0.8964      0.93    0.7976   0.01059  0.007593         0
   264/299     6.46G   0.01197  0.006717         0   0.01868         6       640     0.996    0.8964      0.93    0.7983   0.01057  0.007582         0
   265/299     6.46G    0.0123  0.006916         0   0.01921         4       640    0.9961    0.8964    0.9301    0.7981   0.01056  0.007572         0
   266/299     6.46G   0.01186  0.006718         0   0.01857         5       640    0.9961    0.8964    0.9303    0.7992   0.01054  0.007562         0
   267/299     6.46G   0.01197  0.006771         0   0.01874         6       640    0.9961    0.8964    0.9304    0.7999   0.01053  0.007552         0
   268/299     6.46G   0.01189  0.006691         0   0.01858        12       640    0.9962    0.8964    0.9303    0.7993   0.01051  0.007541         0
   269/299     6.46G   0.01208  0.006882         0   0.01896         5       640    0.9964    0.8964    0.9302     0.801   0.01049  0.007532         0
   270/299     6.46G   0.01219  0.006957         0   0.01915         5       640    0.9964    0.8964    0.9304    0.8008   0.01048  0.007523         0
   271/299     6.46G   0.01189  0.006767         0   0.01866         8       640    0.9965    0.8964    0.9304     0.801   0.01046  0.007514         0
   272/299     6.46G   0.01346  0.007661         0   0.02112        10       640    0.9966    0.8964    0.9304    0.8015   0.01044  0.007506         0
   273/299     6.46G   0.01254  0.007026         0   0.01957        10       640    0.9967    0.8964    0.9305    0.8022   0.01042  0.007494         0
   274/299     6.46G    0.0126    0.0071         0    0.0197         4       640    0.9967    0.8964    0.9307    0.8024    0.0104  0.007485         0
   275/299     6.46G   0.01212  0.006835         0   0.01895         7       640    0.9966    0.8964    0.9309    0.8027   0.01038  0.007474         0
   276/299     6.46G   0.01204  0.006892         0   0.01893         5       640    0.9965    0.8964    0.9309    0.8035   0.01036  0.007462         0
   277/299     6.46G   0.01219  0.006946         0   0.01914         4       640    0.9963    0.8964     0.931    0.8038   0.01034  0.007452         0
   278/299     6.46G   0.01211  0.006914         0   0.01902         5       640    0.9961    0.8964    0.9309    0.8037   0.01032  0.007442         0
   279/299     6.46G   0.01184  0.006756         0   0.01859         7       640    0.9961    0.8964     0.931    0.8042   0.01031  0.007432         0
   280/299     6.46G    0.0117  0.006683         0   0.01839         6       640    0.9961    0.8964    0.9311    0.8057   0.01028  0.007421         0
   281/299     6.46G   0.01193  0.006813         0   0.01874        10       640    0.9961    0.8964    0.9312    0.8059   0.01026  0.007409         0
   282/299     6.46G   0.01177  0.006702         0   0.01847        11       640    0.9961    0.8964    0.9312    0.8073   0.01024  0.007397         0
   283/299     6.46G   0.01164  0.006647         0   0.01829         3       640     0.996    0.8964    0.9314    0.8083   0.01022  0.007386         0
   284/299     6.46G   0.01174  0.006657         0    0.0184         5       640     0.996    0.8964    0.9315    0.8082    0.0102  0.007374         0
   285/299     6.46G   0.01169   0.00661         0    0.0183         4       640     0.996    0.8964    0.9316    0.8083   0.01018  0.007363         0
   286/299     6.46G   0.01172  0.006729         0   0.01845         4       640     0.996    0.8964    0.9317    0.8089   0.01017  0.007352         0
   287/299     6.46G   0.01213   0.00687         0     0.019         2       640     0.996    0.8964    0.9316    0.8089   0.01015  0.007343         0
   288/299     6.46G   0.01171   0.00674         0   0.01845         5       640     0.996    0.8964    0.9319    0.8085   0.01013  0.007332         0
   289/299     6.46G   0.01163  0.006665         0    0.0183         8       640     0.996    0.8964    0.9319    0.8089   0.01011   0.00732         0
   290/299     6.46G   0.01167  0.006684         0   0.01836         6       640     0.996    0.8964    0.9319    0.8084   0.01008  0.007307         0
   291/299     6.46G   0.01181  0.006809         0   0.01862         3       640     0.996    0.8964    0.9318    0.8093   0.01006  0.007297         0
   292/299     6.46G   0.01165  0.006612         0   0.01826         4       640     0.996    0.8964    0.9318    0.8096   0.01005  0.007287         0
   293/299     6.46G   0.01165   0.00663         0   0.01828         6       640     0.996    0.8964    0.9319    0.8098   0.01003  0.007276         0
   294/299     6.46G   0.01142  0.006577         0     0.018         6       640     0.996    0.8964    0.9319    0.8113   0.01001  0.007265         0
   295/299     6.46G   0.01144  0.006587         0   0.01803         6       640     0.996    0.8964    0.9319    0.8114  0.009992  0.007253         0
   296/299     6.46G   0.01152  0.006712         0   0.01824         8       640    0.9959    0.8964    0.9319    0.8113  0.009974  0.007241         0
   297/299     6.46G   0.01152  0.006607         0   0.01813         6       640    0.9959    0.8964    0.9318     0.811  0.009957   0.00723         0
   298/299     6.46G    0.0116  0.006597         0    0.0182        10       640    0.9959    0.8964    0.9319     0.812  0.009941  0.007219         0
   299/299     6.46G   0.01282  0.007292         0   0.02011         7       640     0.996    0.8964     0.932    0.8119  0.009932  0.007216         0
