     0/299      5.9G   0.07262   0.05834         0     0.131        43       640         0         0         0         0         0         0         0
     1/299      6.8G   0.04448   0.05271         0   0.09719        44       640         0         0         0         0         0         0         0
     2/299      6.8G   0.03836   0.04994         0    0.0883        60       640         0         0         0         0         0         0         0
     3/299      6.8G   0.03583   0.04822         0   0.08406        35       640    0.4797    0.6641    0.6549     0.374   0.03635   0.04418         0
     4/299     6.81G   0.03351   0.04628         0   0.07979        34       640    0.4981    0.6939    0.6865    0.4047   0.03443   0.04273         0
     5/299     6.81G   0.03239   0.04529         0   0.07768        27       640     0.498    0.7128    0.7025      0.42   0.03322   0.04188         0
     6/299     6.81G   0.03149   0.04456         0   0.07605        41       640    0.4981    0.7249    0.7154    0.4334   0.03234   0.04118         0
     7/299     6.81G   0.03093   0.04402         0   0.07495        40       640    0.5188    0.7282    0.7247    0.4455   0.03152   0.04067         0
     8/299     6.81G   0.03044   0.04331         0   0.07375        40       640    0.5152    0.7402    0.7328    0.4533   0.03105   0.04022         0
     9/299     6.81G   0.03009   0.04311         0   0.07321        33       640     0.513    0.7434    0.7376    0.4608   0.03056   0.03991         0
    10/299     6.81G   0.02989   0.04294         0   0.07283        54       640    0.5187    0.7525    0.7433    0.4663    0.0302    0.0396         0
    11/299     6.81G   0.02955   0.04279         0   0.07234        32       640    0.5196     0.755     0.747    0.4697   0.02993   0.03943         0
    12/299     6.81G   0.02936   0.04243         0   0.07179        37       640    0.5284    0.7567    0.7527    0.4759   0.02962   0.03918         0
    13/299     6.81G   0.02909    0.0422         0   0.07129        58       640    0.5256    0.7626    0.7557    0.4797   0.02941   0.03907         0
    14/299     6.81G   0.02889   0.04223         0   0.07112        28       640    0.5284    0.7641    0.7569    0.4814   0.02925   0.03893         0
    15/299     6.81G   0.02888   0.04206         0   0.07094        39       640    0.5284    0.7679    0.7593    0.4838   0.02913   0.03882         0
    16/299     6.81G   0.02866   0.04177         0   0.07044        38       640    0.5298    0.7675    0.7596    0.4851   0.02899   0.03872         0
    17/299     6.81G   0.02838    0.0416         0   0.06998        38       640    0.5305    0.7676     0.761    0.4873   0.02888   0.03865         0
    18/299     6.81G   0.02835   0.04157         0   0.06992        31       640    0.5332    0.7683    0.7626    0.4883   0.02879   0.03857         0
    19/299     6.81G    0.0282   0.04139         0   0.06959        39       640    0.5367    0.7689    0.7635      0.49   0.02872   0.03851         0
    20/299     6.81G   0.02809    0.0415         0   0.06959        45       640    0.5393    0.7683    0.7645    0.4912   0.02865   0.03845         0
    21/299     6.81G   0.02799    0.0411         0   0.06909        46       640    0.5428    0.7677    0.7658    0.4922   0.02859   0.03839         0
    22/299     6.81G   0.02801   0.04108         0    0.0691        51       640    0.5455    0.7666    0.7667    0.4937   0.02855   0.03835         0
    23/299     6.81G   0.02779   0.04101         0    0.0688        28       640     0.548    0.7662    0.7674    0.4944   0.02852    0.0383         0
    24/299     6.81G   0.02767   0.04078         0   0.06845        28       640    0.5529    0.7666    0.7684    0.4948   0.02847   0.03826         0
    25/299     6.81G   0.02766   0.04084         0    0.0685        36       640    0.5581    0.7649     0.769    0.4951   0.02843   0.03823         0
    26/299     6.81G   0.02762   0.04095         0   0.06857        28       640    0.5635    0.7637    0.7696    0.4958    0.0284   0.03819         0
    27/299     6.81G   0.02744   0.04062         0   0.06807        34       640    0.5695    0.7627    0.7703    0.4966   0.02837   0.03816         0
    28/299     6.81G   0.02738   0.04072         0    0.0681        37       640    0.5746    0.7619    0.7712    0.4973   0.02833   0.03813         0
    29/299     6.81G   0.02727   0.04055         0   0.06782        41       640     0.581    0.7606     0.772    0.4981    0.0283   0.03811         0
    30/299     6.81G   0.02726   0.04039         0   0.06765        37       640    0.5844    0.7591     0.773    0.4987   0.02827   0.03808         0
    31/299     6.81G   0.02714   0.04035         0   0.06749        40       640    0.5886    0.7584    0.7738    0.4993   0.02825   0.03806         0
    32/299     6.81G   0.02713   0.04032         0   0.06744        34       640    0.5931    0.7563    0.7741    0.5001   0.02822   0.03804         0
    33/299     6.81G   0.02704   0.04016         0    0.0672        35       640    0.5982    0.7552     0.775    0.5008   0.02819   0.03803         0
    34/299     6.81G   0.02686   0.04012         0   0.06697        37       640    0.6021    0.7534    0.7758    0.5018   0.02816   0.03801         0
    35/299     6.81G   0.02691   0.04033         0   0.06724        49       640    0.6077    0.7529     0.777    0.5021   0.02813     0.038         0
    36/299     6.81G   0.02681   0.04017         0   0.06698        27       640    0.6113    0.7523    0.7778    0.5033    0.0281   0.03798         0
    37/299     6.81G    0.0268   0.04018         0   0.06698        39       640    0.6151    0.7522    0.7781    0.5044   0.02806   0.03797         0
    38/299     6.81G   0.02673   0.03987         0    0.0666        31       640    0.6188    0.7521     0.779    0.5052   0.02802   0.03795         0
    39/299     6.81G   0.02672   0.03983         0   0.06655        36       640    0.6217    0.7509    0.7796    0.5061   0.02798   0.03793         0
    40/299     6.81G   0.02665   0.03979         0   0.06645        40       640    0.6237    0.7498    0.7798    0.5069   0.02795    0.0379         0
    41/299     6.81G    0.0266   0.03987         0   0.06647        28       640    0.6255    0.7509    0.7807    0.5077   0.02792   0.03788         0
    42/299     6.81G   0.02657    0.0398         0   0.06636        38       640    0.6284    0.7516    0.7819    0.5084   0.02787   0.03786         0
    43/299     6.81G   0.02654   0.03972         0   0.06626        36       640    0.6303    0.7525    0.7826    0.5089   0.02783   0.03784         0
    44/299     6.81G   0.02658   0.03971         0   0.06629        27       640    0.6316    0.7528    0.7836    0.5103   0.02778    0.0378         0
    45/299     6.81G   0.02636   0.03962         0   0.06598        30       640    0.6311    0.7527     0.784    0.5115   0.02773   0.03776         0
    46/299     6.81G   0.02645    0.0399         0   0.06635        28       640    0.6319    0.7532    0.7844    0.5121   0.02768   0.03773         0
    47/299     6.81G   0.02633   0.03932         0   0.06565        36       640    0.6329    0.7538    0.7854     0.513   0.02762   0.03769         0
    48/299     6.81G   0.02628   0.03944         0   0.06572        44       640    0.6335    0.7551    0.7864     0.514   0.02756   0.03765         0
    49/299     6.81G   0.02628   0.03962         0    0.0659        43       640    0.6341     0.757    0.7871    0.5149   0.02752   0.03761         0
    50/299     6.81G   0.02623   0.03943         0   0.06566        42       640    0.6353     0.758    0.7879    0.5159   0.02747   0.03756         0
    51/299     6.81G   0.02611   0.03949         0   0.06561        50       640    0.6365    0.7589    0.7892    0.5173   0.02742   0.03752         0
    52/299     6.81G   0.02609   0.03938         0   0.06547        49       640    0.6348    0.7595    0.7897     0.518   0.02737   0.03748         0
    53/299     6.81G   0.02601   0.03912         0   0.06514        36       640    0.6342    0.7611    0.7902    0.5192   0.02731   0.03743         0
    54/299     6.81G   0.02606   0.03935         0   0.06541        43       640    0.6332    0.7624     0.791    0.5198   0.02727   0.03738         0
    55/299     6.81G   0.02595   0.03908         0   0.06503        42       640    0.6333    0.7632    0.7916    0.5207   0.02722   0.03734         0
    56/299     6.81G   0.02597   0.03899         0   0.06496        33       640    0.6351    0.7641    0.7926    0.5214   0.02717    0.0373         0
    57/299     6.81G   0.02588   0.03909         0   0.06498        31       640    0.6339    0.7647    0.7929    0.5222   0.02712   0.03726         0
    58/299     6.81G   0.02576   0.03886         0   0.06462        32       640    0.6322    0.7657    0.7933    0.5228   0.02707   0.03721         0
    59/299     6.81G   0.02588   0.03939         0   0.06527        51       640    0.6329    0.7673    0.7942    0.5235   0.02702   0.03717         0
    60/299     6.81G   0.02587   0.03912         0   0.06498        43       640    0.6321    0.7681    0.7946    0.5244   0.02697   0.03713         0
    61/299     6.81G   0.02576   0.03885         0   0.06461        45       640     0.631    0.7684    0.7953    0.5251   0.02692   0.03709         0
    62/299     6.81G   0.02577   0.03906         0   0.06483        53       640    0.6292    0.7702    0.7958    0.5262   0.02688   0.03705         0
    63/299     6.81G   0.02579   0.03904         0   0.06483        34       640    0.6277    0.7722    0.7961    0.5272   0.02683   0.03701         0
    64/299     6.81G    0.0258   0.03894         0   0.06474        48       640    0.6262    0.7733    0.7968    0.5277   0.02677   0.03697         0
    65/299     6.81G   0.02574   0.03883         0   0.06457        48       640     0.627    0.7746    0.7977    0.5284   0.02673   0.03692         0
    66/299     6.81G   0.02561   0.03864         0   0.06425        35       640    0.6262    0.7757    0.7984    0.5293   0.02668   0.03688         0
    67/299     6.81G   0.02552   0.03868         0    0.0642        39       640    0.6256     0.777    0.7986    0.5299   0.02664   0.03684         0
    68/299     6.81G   0.02559   0.03882         0   0.06441        40       640    0.6234    0.7776    0.7987    0.5309    0.0266   0.03681         0
    69/299     6.81G   0.02553   0.03838         0   0.06391        49       640    0.6228    0.7792    0.7995    0.5318   0.02655   0.03677         0
    70/299     6.81G   0.02555   0.03851         0   0.06406        35       640    0.6223    0.7802       0.8    0.5324   0.02651   0.03673         0
    71/299     6.81G   0.02545   0.03872         0   0.06416        37       640    0.6205    0.7815    0.8003    0.5332   0.02647   0.03669         0
    72/299     6.81G   0.02547   0.03865         0   0.06412        44       640    0.6192    0.7827    0.8007    0.5342   0.02644   0.03664         0
    73/299     6.81G    0.0254    0.0386         0     0.064        46       640    0.6173    0.7833    0.8011    0.5344   0.02641   0.03661         0
    74/299     6.81G   0.02538   0.03844         0   0.06382        58       640    0.6161    0.7852    0.8015    0.5353   0.02638   0.03658         0
    75/299     6.81G   0.02541   0.03852         0   0.06393        25       640    0.6148    0.7861    0.8021    0.5359   0.02634   0.03654         0
    76/299     6.81G   0.02534   0.03863         0   0.06397        36       640     0.614    0.7873    0.8025    0.5362    0.0263   0.03651         0
    77/299     6.81G   0.02539    0.0385         0    0.0639        34       640    0.6119    0.7884    0.8029    0.5366   0.02628   0.03648         0
    78/299     6.81G   0.02533   0.03849         0   0.06381        50       640    0.6115    0.7899    0.8033    0.5371   0.02624   0.03645         0
    79/299     6.81G   0.02534   0.03857         0   0.06391        27       640    0.6123    0.7916    0.8041    0.5377   0.02622   0.03642         0
    80/299     6.81G   0.02521   0.03866         0   0.06388        46       640    0.6108    0.7925    0.8047    0.5385   0.02619   0.03639         0
    81/299     6.81G   0.02525   0.03864         0   0.06389        30       640    0.6096    0.7933     0.805    0.5391   0.02616   0.03637         0
    82/299     6.81G   0.02517   0.03845         0   0.06362        31       640    0.6076     0.794     0.805    0.5398   0.02613   0.03634         0
    83/299     6.81G   0.02519   0.03833         0   0.06352        45       640    0.6061    0.7946    0.8055    0.5403    0.0261   0.03631         0
    84/299     6.81G   0.02519   0.03839         0   0.06358        32       640    0.6055    0.7957    0.8058    0.5406   0.02607   0.03629         0
    85/299     6.81G   0.02509   0.03839         0   0.06348        40       640    0.6036    0.7963    0.8059    0.5407   0.02604   0.03626         0
    86/299     6.81G   0.02508   0.03819         0   0.06327        37       640    0.6018    0.7967    0.8057     0.541   0.02601   0.03623         0
    87/299     6.81G   0.02499   0.03813         0   0.06311        29       640    0.6011    0.7976    0.8061    0.5416   0.02599    0.0362         0
    88/299     6.81G   0.02505   0.03822         0   0.06327        46       640    0.6015    0.7986    0.8065    0.5417   0.02596   0.03618         0
    89/299     6.81G   0.02496   0.03802         0   0.06298        45       640    0.6006    0.7983    0.8068    0.5425   0.02595   0.03616         0
    90/299     6.81G   0.02489    0.0381         0   0.06299        33       640    0.5999     0.799    0.8072    0.5432   0.02592   0.03614         0
    91/299     6.81G   0.02497   0.03798         0   0.06296        24       640    0.6004    0.8003    0.8078     0.544    0.0259   0.03612         0
    92/299     6.81G   0.02493   0.03785         0   0.06278        44       640    0.5995    0.8006     0.808    0.5441   0.02588   0.03611         0
    93/299     6.81G   0.02489   0.03796         0   0.06286        32       640    0.5994    0.8009    0.8082    0.5449   0.02586   0.03609         0
    94/299     6.81G   0.02496   0.03802         0   0.06298        53       640    0.5997    0.8014    0.8086    0.5458   0.02584   0.03606         0
    95/299     6.81G   0.02477   0.03781         0   0.06258        37       640    0.5991    0.8019    0.8084    0.5458   0.02583   0.03605         0
    96/299     6.81G   0.02483   0.03785         0   0.06269        35       640    0.6006     0.803    0.8087     0.546   0.02581   0.03604         0
    97/299     6.81G   0.02476   0.03789         0   0.06265        46       640    0.6003    0.8032    0.8087    0.5466    0.0258   0.03602         0
    98/299     6.81G   0.02486    0.0379         0   0.06276        49       640    0.5991    0.8037     0.809    0.5471   0.02578     0.036         0
    99/299     6.81G   0.02477   0.03793         0    0.0627        47       640    0.5981    0.8037    0.8089    0.5474   0.02577   0.03599         0
   100/299     6.81G   0.02464   0.03791         0   0.06255        40       640    0.5976     0.804    0.8089    0.5473   0.02575   0.03598         0
   101/299     6.81G   0.02469   0.03769         0   0.06237        43       640     0.597    0.8057    0.8094    0.5478   0.02574   0.03596         0
   102/299     6.81G   0.02467   0.03765         0   0.06232        25       640    0.5951    0.8058    0.8099    0.5483   0.02573   0.03594         0
   103/299     6.81G   0.02465   0.03771         0   0.06236        60       640    0.5945    0.8069    0.8105    0.5486   0.02571   0.03592         0
   104/299     6.81G   0.02464   0.03783         0   0.06247        44       640    0.5939    0.8071    0.8109     0.549   0.02569    0.0359         0
   105/299     6.81G    0.0246   0.03763         0   0.06223        44       640    0.5934    0.8076    0.8111    0.5494   0.02568   0.03588         0
   106/299     6.81G   0.02458    0.0376         0   0.06218        26       640    0.5924    0.8085    0.8113    0.5497   0.02567   0.03587         0
   107/299     6.81G   0.02455   0.03761         0   0.06216        50       640     0.592    0.8089    0.8118    0.5504   0.02566   0.03586         0
   108/299     6.81G   0.02451   0.03753         0   0.06204        33       640    0.5904    0.8084    0.8118    0.5506   0.02564   0.03585         0
   109/299     6.81G   0.02447   0.03758         0   0.06205        35       640    0.5915    0.8094    0.8124     0.551   0.02562   0.03583         0
   110/299     6.81G   0.02452    0.0376         0   0.06212        34       640    0.5915    0.8098    0.8128    0.5513    0.0256   0.03582         0
   111/299     6.81G   0.02444    0.0377         0   0.06214        53       640    0.5912    0.8093    0.8123    0.5514   0.02559   0.03581         0
   112/299     6.81G   0.02436   0.03739         0   0.06175        42       640     0.592    0.8101    0.8134    0.5514   0.02557    0.0358         0
   113/299     6.81G   0.02434   0.03725         0   0.06159        39       640    0.5919    0.8108    0.8134    0.5516   0.02556   0.03579         0
   114/299     6.81G   0.02441   0.03749         0    0.0619        40       640    0.5919     0.811    0.8136    0.5521   0.02554   0.03577         0
   115/299     6.81G   0.02434   0.03733         0   0.06167        41       640    0.5921     0.811     0.814    0.5521   0.02552   0.03576         0
   116/299     6.81G   0.02438   0.03745         0   0.06183        27       640    0.5908     0.811    0.8138    0.5526    0.0255   0.03575         0
   117/299     6.81G   0.02438   0.03752         0   0.06191        42       640    0.5909    0.8116    0.8142     0.553   0.02549   0.03574         0
   118/299     6.81G    0.0242   0.03726         0   0.06146        24       640    0.5909    0.8123    0.8144    0.5528   0.02547   0.03573         0
   119/299     6.81G   0.02423   0.03745         0   0.06168        38       640    0.5899    0.8121    0.8146    0.5533   0.02547   0.03571         0
   120/299     6.81G    0.0242   0.03729         0   0.06149        39       640    0.5889    0.8135    0.8148    0.5542   0.02546    0.0357         0
   121/299     6.81G   0.02417   0.03723         0    0.0614        50       640    0.5894    0.8141    0.8149    0.5541   0.02545   0.03569         0
   122/299     6.81G   0.02414   0.03735         0   0.06149        43       640    0.5879    0.8136    0.8148    0.5541   0.02544   0.03568         0
   123/299     6.81G   0.02404   0.03714         0   0.06119        49       640    0.5891    0.8157    0.8157    0.5547   0.02542   0.03567         0
   124/299     6.81G    0.0241   0.03723         0   0.06134        43       640    0.5878    0.8162    0.8158    0.5551   0.02541   0.03565         0
   125/299     6.81G   0.02416   0.03701         0   0.06117        27       640    0.5875    0.8161    0.8165    0.5554    0.0254   0.03564         0
   126/299     6.81G   0.02396   0.03708         0   0.06104        41       640    0.5863    0.8158    0.8161    0.5562   0.02538   0.03563         0
   127/299     6.81G   0.02407    0.0372         0   0.06127        42       640    0.5852    0.8167    0.8163    0.5561   0.02536   0.03562         0
   128/299     6.81G   0.02407   0.03715         0   0.06123        42       640    0.5844    0.8168    0.8163    0.5562   0.02535   0.03562         0
   129/299     6.81G   0.02407   0.03714         0   0.06121        46       640    0.5842    0.8167    0.8163    0.5565   0.02535   0.03561         0
   130/299     6.81G   0.02398   0.03702         0     0.061        43       640     0.584    0.8177    0.8162    0.5567   0.02534    0.0356         0
   131/299     6.81G   0.02388   0.03679         0   0.06067        43       640    0.5852    0.8175    0.8165     0.557   0.02534   0.03559         0
   132/299     6.81G    0.0239   0.03693         0   0.06083        43       640    0.5842    0.8172    0.8162    0.5571   0.02533   0.03558         0
   133/299     6.81G   0.02388   0.03698         0   0.06086        43       640    0.5843    0.8185    0.8165    0.5576   0.02532   0.03558         0
   134/299     6.81G   0.02382   0.03673         0   0.06055        39       640    0.5844    0.8176    0.8163    0.5577   0.02531   0.03558         0
   135/299     6.81G   0.02383   0.03676         0   0.06059        28       640     0.584    0.8176    0.8163    0.5579   0.02529   0.03557         0
   136/299     6.81G   0.02384   0.03694         0   0.06077        36       640    0.5833    0.8176    0.8165    0.5581   0.02528   0.03557         0
   137/299     6.81G   0.02382    0.0368         0   0.06061        39       640    0.5827    0.8176    0.8165    0.5581   0.02527   0.03556         0
   138/299     6.81G    0.0237   0.03674         0   0.06044        51       640     0.582    0.8167    0.8161    0.5581   0.02526   0.03555         0
   139/299     6.81G   0.02378   0.03698         0   0.06076        52       640    0.5834    0.8175    0.8165    0.5588   0.02526   0.03554         0
   140/299     6.81G   0.02364   0.03666         0   0.06029        37       640    0.5826    0.8167    0.8166    0.5589   0.02524   0.03553         0
   141/299     6.81G   0.02374   0.03667         0   0.06041        33       640    0.5828    0.8181    0.8173    0.5595   0.02524   0.03552         0
   142/299     6.81G   0.02366   0.03652         0   0.06018        36       640    0.5826    0.8174    0.8172    0.5594   0.02523   0.03552         0
   143/299     6.81G   0.02364   0.03655         0   0.06019        33       640    0.5836    0.8182    0.8177    0.5598   0.02522   0.03551         0
   144/299     6.81G   0.02358   0.03644         0   0.06002        36       640    0.5827    0.8182    0.8176    0.5601   0.02521   0.03549         0
   145/299     6.81G   0.02354   0.03648         0   0.06002        51       640    0.5815    0.8186    0.8175     0.561    0.0252   0.03548         0
   146/299     6.81G   0.02373   0.03655         0   0.06028        36       640    0.5819    0.8198    0.8179    0.5611   0.02519   0.03548         0
   147/299     6.81G   0.02346   0.03638         0   0.05984        39       640    0.5818    0.8195    0.8176    0.5612   0.02519   0.03548         0
   148/299     6.81G   0.02347   0.03624         0   0.05971        33       640    0.5815    0.8196    0.8177    0.5614   0.02518   0.03548         0
   149/299     6.81G   0.02353   0.03671         0   0.06025        39       640    0.5809      0.82    0.8179    0.5615   0.02517   0.03548         0
   150/299     6.81G   0.02347   0.03638         0   0.05985        30       640    0.5803    0.8202    0.8181    0.5615   0.02516   0.03549         0
   151/299     6.81G   0.02339   0.03624         0   0.05962        27       640    0.5813    0.8208    0.8183    0.5618   0.02516    0.0355         0
   152/299     6.81G   0.02332   0.03611         0   0.05942        41       640    0.5824    0.8209    0.8186    0.5619   0.02515   0.03549         0
   153/299     6.81G   0.02346   0.03609         0   0.05955        37       640    0.5835    0.8217    0.8193    0.5622   0.02514   0.03548         0
   154/299     6.81G   0.02342   0.03628         0    0.0597        42       640     0.583    0.8213    0.8194    0.5624   0.02514   0.03548         0
   155/299     6.81G   0.02322   0.03585         0   0.05907        43       640    0.5824    0.8218    0.8196    0.5626   0.02513   0.03548         0
   156/299     6.81G   0.02321   0.03595         0   0.05916        44       640    0.5819    0.8218      0.82    0.5628   0.02512   0.03547         0
   157/299     6.81G   0.02331   0.03628         0   0.05959        48       640    0.5812    0.8218    0.8198    0.5626   0.02511   0.03548         0
   158/299     6.81G   0.02322   0.03613         0   0.05935        38       640    0.5804    0.8225      0.82    0.5631    0.0251   0.03546         0
   159/299     6.81G    0.0232   0.03592         0   0.05913        31       640    0.5804     0.823    0.8204    0.5634   0.02509   0.03545         0
   160/299     6.81G   0.02325   0.03612         0   0.05937        40       640    0.5796    0.8222    0.8203    0.5638   0.02509   0.03544         0
   161/299     6.81G    0.0232   0.03607         0   0.05927        40       640    0.5786    0.8234    0.8201     0.564   0.02508   0.03544         0
   162/299     6.81G   0.02314   0.03586         0     0.059        46       640    0.5784    0.8234    0.8203     0.564   0.02508   0.03543         0
   163/299     6.81G   0.02312   0.03623         0   0.05935        58       640    0.5781    0.8243    0.8203    0.5641   0.02507   0.03543         0
   164/299     6.81G   0.02308   0.03564         0   0.05872        44       640    0.5789    0.8241    0.8204    0.5643   0.02506   0.03543         0
   165/299     6.81G   0.02293   0.03592         0   0.05885        51       640    0.5789    0.8239    0.8204    0.5644   0.02506   0.03543         0
   166/299     6.81G   0.02297   0.03591         0   0.05887        47       640    0.5803     0.824    0.8206    0.5644   0.02506   0.03542         0
   167/299     6.81G   0.02294   0.03584         0   0.05878        23       640     0.582    0.8245    0.8212    0.5643   0.02505   0.03541         0
   168/299     6.81G   0.02295   0.03572         0   0.05868        53       640    0.5814     0.824    0.8211    0.5645   0.02504   0.03541         0
   169/299     6.81G   0.02288   0.03563         0   0.05851        54       640    0.5808    0.8237     0.821    0.5649   0.02504    0.0354         0
   170/299     6.81G   0.02283   0.03581         0   0.05864        33       640    0.5817    0.8241    0.8214    0.5652   0.02503    0.0354         0
   171/299     6.81G   0.02278   0.03549         0   0.05827        30       640    0.5813    0.8246    0.8213    0.5651   0.02502    0.0354         0
   172/299     6.81G   0.02282   0.03559         0    0.0584        52       640    0.5807    0.8249    0.8212    0.5652   0.02501   0.03539         0
   173/299     6.81G   0.02275   0.03547         0   0.05822        36       640    0.5798    0.8248    0.8215    0.5661     0.025    0.0354         0
   174/299     6.81G   0.02272   0.03551         0   0.05823        50       640    0.5799     0.825    0.8216    0.5665     0.025    0.0354         0
   175/299     6.81G   0.02273   0.03544         0   0.05817        40       640      0.58    0.8261    0.8222    0.5664   0.02499    0.0354         0
   176/299     6.81G   0.02271   0.03554         0   0.05825        25       640    0.5802    0.8253    0.8219    0.5665   0.02498    0.0354         0
   177/299     6.81G   0.02269   0.03524         0   0.05793        37       640    0.5802    0.8255    0.8218    0.5663   0.02497   0.03539         0
   178/299     6.81G   0.02277   0.03563         0    0.0584        30       640    0.5806    0.8262     0.822    0.5667   0.02496   0.03538         0
   179/299     6.81G    0.0226   0.03512         0   0.05772        58       640    0.5796    0.8273     0.822    0.5669   0.02495   0.03537         0
   180/299     6.81G   0.02247   0.03516         0   0.05763        33       640    0.5795     0.827    0.8219    0.5673   0.02495   0.03537         0
   181/299     6.81G    0.0225   0.03534         0   0.05784        45       640    0.5809    0.8283    0.8224    0.5673   0.02494   0.03537         0
   182/299     6.81G   0.02253   0.03513         0   0.05765        46       640    0.5806    0.8279    0.8226     0.568   0.02493   0.03537         0
   183/299     6.81G   0.02242   0.03512         0   0.05754        46       640    0.5809    0.8274    0.8227    0.5685   0.02492   0.03537         0
   184/299     6.81G   0.02237   0.03486         0   0.05722        62       640    0.5815    0.8276    0.8228    0.5683   0.02491   0.03537         0
   185/299     6.81G   0.02226   0.03497         0   0.05723        33       640    0.5826    0.8274    0.8226    0.5683    0.0249   0.03537         0
   186/299     6.81G    0.0224   0.03495         0   0.05735        46       640    0.5826    0.8284    0.8231    0.5687   0.02489   0.03537         0
   187/299     6.81G   0.02228    0.0348         0   0.05709        48       640    0.5835    0.8289    0.8235    0.5692   0.02489   0.03537         0
   188/299     6.81G   0.02234   0.03497         0   0.05731        33       640    0.5834    0.8279    0.8234    0.5697   0.02488   0.03537         0
   189/299     6.81G   0.02234   0.03475         0   0.05709        38       640    0.5834    0.8275    0.8236    0.5698   0.02488   0.03538         0
   190/299     6.81G   0.02225   0.03485         0    0.0571        45       640    0.5833    0.8263    0.8231    0.5695   0.02487   0.03537         0
   191/299     6.81G   0.02218   0.03492         0    0.0571        34       640    0.5828    0.8263    0.8231    0.5692   0.02486   0.03537         0
   192/299     6.81G   0.02227   0.03462         0   0.05689        52       640    0.5827    0.8261    0.8229    0.5691   0.02486   0.03536         0
   193/299     6.81G   0.02218   0.03479         0   0.05696        31       640     0.583    0.8261    0.8226    0.5691   0.02486   0.03536         0
   194/299     6.81G   0.02217   0.03473         0    0.0569        45       640    0.5824    0.8262    0.8228    0.5693   0.02485   0.03536         0
   195/299     6.81G   0.02216   0.03474         0   0.05691        38       640    0.5819    0.8276    0.8229    0.5693   0.02485   0.03536         0
   196/299     6.81G   0.02222    0.0348         0   0.05702        57       640    0.5811    0.8289    0.8236    0.5695   0.02485   0.03536         0
   197/299     6.81G   0.02195   0.03443         0   0.05638        48       640    0.5803     0.828    0.8236    0.5695   0.02485   0.03537         0
   198/299     6.81G   0.02201   0.03447         0   0.05647        27       640    0.5796    0.8277    0.8233    0.5694   0.02485   0.03537         0
   199/299     6.81G   0.02202   0.03481         0   0.05683        39       640    0.5808    0.8278    0.8231    0.5695   0.02486   0.03537         0
   200/299     6.81G   0.02199   0.03464         0   0.05663        47       640    0.5811    0.8274    0.8231    0.5699   0.02485   0.03538         0
   201/299     6.81G   0.02197   0.03441         0   0.05638        47       640    0.5802    0.8282    0.8236      0.57   0.02485   0.03539         0
   202/299     6.81G   0.02186   0.03436         0   0.05622        48       640    0.5795     0.828    0.8232    0.5699   0.02486   0.03539         0
   203/299     6.81G   0.02193   0.03439         0   0.05632        43       640    0.5801    0.8285    0.8238    0.5698   0.02486    0.0354         0
   204/299     6.81G   0.02185   0.03427         0   0.05612        40       640    0.5802    0.8289    0.8239    0.5704   0.02486    0.0354         0
   205/299     6.81G   0.02184   0.03427         0   0.05611        37       640    0.5802    0.8289    0.8242    0.5707   0.02486    0.0354         0
   206/299     6.81G   0.02172   0.03414         0   0.05587        44       640    0.5814    0.8295    0.8245    0.5709   0.02486    0.0354         0
   207/299     6.81G   0.02183   0.03424         0   0.05607        43       640    0.5801    0.8287     0.824    0.5714   0.02485   0.03541         0
   208/299     6.81G   0.02176   0.03425         0   0.05601        27       640    0.5802    0.8291    0.8244    0.5717   0.02485    0.0354         0
   209/299     6.81G   0.02169   0.03423         0   0.05592        46       640    0.5797    0.8297    0.8244     0.572   0.02485    0.0354         0
   210/299     6.81G   0.02171   0.03399         0   0.05569        41       640      0.58    0.8297    0.8241    0.5718   0.02485   0.03541         0
   211/299     6.81G   0.02165   0.03395         0   0.05559        42       640    0.5799    0.8301    0.8246    0.5723   0.02485   0.03541         0
   212/299     6.81G   0.02163   0.03391         0   0.05553        26       640    0.5801    0.8308    0.8247    0.5723   0.02485   0.03542         0
   213/299     6.81G    0.0216   0.03396         0   0.05556        29       640    0.5816    0.8309    0.8252    0.5727   0.02484   0.03542         0
   214/299     6.81G   0.02152    0.0338         0   0.05532        46       640    0.5803    0.8303    0.8249    0.5727   0.02485   0.03542         0
   215/299     6.81G   0.02145   0.03371         0   0.05515        35       640    0.5806    0.8301    0.8248    0.5722   0.02485   0.03543         0
   216/299     6.81G    0.0215   0.03388         0   0.05539        50       640    0.5799    0.8309     0.825    0.5723   0.02485   0.03543         0
   217/299     6.81G   0.02146    0.0338         0   0.05526        29       640    0.5801    0.8307    0.8253    0.5725   0.02485   0.03542         0
   218/299     6.81G    0.0214   0.03368         0   0.05507        43       640    0.5812    0.8303    0.8255    0.5728   0.02486   0.03543         0
   219/299     6.81G   0.02131   0.03373         0   0.05504        26       640    0.5823    0.8302    0.8254    0.5728   0.02486   0.03543         0
   220/299     6.81G   0.02145   0.03375         0   0.05519        21       640    0.5835    0.8297    0.8253     0.573   0.02485   0.03544         0
   221/299     6.81G   0.02138   0.03366         0   0.05505        36       640    0.5838    0.8302    0.8255    0.5733   0.02485   0.03545         0
   222/299     6.81G   0.02131   0.03364         0   0.05495        38       640    0.5832    0.8303    0.8256    0.5737   0.02485   0.03547         0
   223/299     6.81G   0.02125    0.0335         0   0.05475        38       640     0.583    0.8311    0.8255    0.5737   0.02485   0.03548         0
   224/299     6.81G   0.02123   0.03324         0   0.05448        40       640    0.5823    0.8313    0.8257     0.574   0.02485   0.03549         0
   225/299     6.81G   0.02126   0.03355         0   0.05481        33       640    0.5842    0.8315    0.8257    0.5741   0.02486    0.0355         0
   226/299     6.81G   0.02111   0.03324         0   0.05435        34       640     0.584    0.8315     0.826    0.5741   0.02485    0.0355         0
   227/299     6.81G   0.02116   0.03361         0   0.05477        35       640    0.5848    0.8307    0.8256     0.574   0.02485   0.03551         0
   228/299     6.81G     0.021   0.03315         0   0.05415        35       640    0.5842    0.8308    0.8255    0.5742   0.02485   0.03551         0
   229/299     6.81G   0.02103   0.03335         0   0.05438        35       640    0.5845    0.8306    0.8253    0.5743   0.02486   0.03553         0
   230/299     6.81G    0.0211   0.03323         0   0.05433        34       640     0.584    0.8307    0.8253    0.5744   0.02486   0.03554         0
   231/299     6.81G   0.02112   0.03324         0   0.05437        44       640    0.5842    0.8309    0.8257    0.5748   0.02487   0.03556         0
   232/299     6.81G   0.02093   0.03308         0   0.05401        45       640    0.5829    0.8312    0.8253    0.5748   0.02488   0.03557         0
   233/299     6.81G   0.02089   0.03312         0     0.054        46       640    0.5836     0.831    0.8252     0.575   0.02488   0.03558         0
   234/299     6.81G    0.0209   0.03299         0   0.05389        48       640     0.584    0.8302    0.8252    0.5751   0.02488    0.0356         0
   235/299     6.81G   0.02091   0.03295         0   0.05386        26       640    0.5841    0.8305    0.8251    0.5752   0.02488   0.03561         0
   236/299     6.81G   0.02077   0.03286         0   0.05363        56       640    0.5844      0.83    0.8248    0.5752   0.02488    0.0356         0
   237/299     6.81G   0.02092   0.03302         0   0.05394        54       640    0.5847    0.8299    0.8252    0.5755   0.02488   0.03561         0
   238/299     6.81G   0.02082   0.03294         0   0.05376        53       640    0.5854    0.8301    0.8257    0.5755   0.02488   0.03561         0
   239/299     6.81G   0.02075    0.0329         0   0.05364        38       640    0.5852    0.8294    0.8254    0.5756   0.02488   0.03563         0
   240/299     6.81G   0.02073   0.03298         0   0.05371        40       640    0.5853      0.83    0.8257    0.5753   0.02489   0.03564         0
   241/299     6.81G   0.02063   0.03279         0   0.05342        42       640    0.5855    0.8298    0.8257    0.5752    0.0249   0.03566         0
   242/299     6.81G   0.02072    0.0327         0   0.05342        34       640    0.5861    0.8292    0.8259    0.5752   0.02491   0.03568         0
   243/299     6.81G   0.02067   0.03278         0   0.05345        50       640    0.5857    0.8296    0.8261    0.5753   0.02491    0.0357         0
   244/299     6.81G   0.02062   0.03252         0   0.05314        36       640    0.5865    0.8304    0.8261    0.5754   0.02492   0.03572         0
   245/299     6.81G   0.02059   0.03253         0   0.05312        36       640    0.5862    0.8293    0.8255    0.5758   0.02493   0.03573         0
   246/299     6.81G   0.02055   0.03246         0   0.05301        48       640    0.5874    0.8298    0.8261    0.5759   0.02493   0.03575         0
   247/299     6.81G   0.02052   0.03255         0   0.05307        34       640    0.5878    0.8299     0.826    0.5765   0.02493   0.03577         0
   248/299     6.81G    0.0205   0.03239         0   0.05289        36       640    0.5886    0.8297    0.8258    0.5765   0.02494   0.03578         0
   249/299     6.81G   0.02044   0.03236         0    0.0528        27       640    0.5894      0.83    0.8257    0.5762   0.02494   0.03579         0
   250/299     6.81G   0.02059   0.03259         0   0.05318        51       640    0.5895    0.8289    0.8257    0.5765   0.02494    0.0358         0
   251/299     6.81G   0.02033   0.03235         0   0.05267        35       640    0.5897    0.8287    0.8256    0.5766   0.02494   0.03581         0
   252/299     6.81G   0.02038   0.03239         0   0.05276        35       640    0.5892    0.8284    0.8257    0.5764   0.02493   0.03582         0
   253/299     6.81G   0.02036   0.03229         0   0.05265        34       640    0.5888    0.8285    0.8253    0.5766   0.02493   0.03585         0
   254/299     6.81G   0.02032   0.03195         0   0.05227        43       640    0.5897    0.8294    0.8256    0.5767   0.02493   0.03587         0
   255/299     6.81G   0.02035   0.03231         0   0.05266        31       640    0.5902    0.8292    0.8256    0.5765   0.02493   0.03588         0
   256/299     6.81G   0.02026   0.03219         0   0.05245        33       640      0.59    0.8286    0.8253    0.5763   0.02493   0.03591         0
   257/299     6.81G   0.02023   0.03199         0   0.05223        37       640      0.59    0.8291    0.8252    0.5761   0.02494   0.03593         0
   258/299     6.81G   0.02019   0.03202         0   0.05222        47       640    0.5922    0.8294    0.8251    0.5762   0.02494   0.03595         0
   259/299     6.81G   0.02029   0.03207         0   0.05236        43       640    0.5919    0.8292    0.8251    0.5764   0.02495   0.03597         0
   260/299     6.81G    0.0202   0.03194         0   0.05214        42       640    0.5922    0.8292    0.8252    0.5762   0.02495   0.03598         0
   261/299     6.81G   0.02021   0.03186         0   0.05207        28       640    0.5932    0.8293    0.8248    0.5758   0.02495   0.03601         0
   262/299     6.81G   0.02011   0.03197         0   0.05207        35       640    0.5918    0.8287    0.8248     0.576   0.02496   0.03605         0
   263/299     6.81G   0.02008   0.03213         0   0.05221        44       640    0.5918    0.8285     0.825    0.5761   0.02496   0.03607         0
   264/299     6.81G   0.02013    0.0318         0   0.05193        43       640    0.5923    0.8276    0.8248    0.5764   0.02497    0.0361         0
   265/299     6.81G   0.02007    0.0318         0   0.05188        46       640     0.593    0.8274    0.8248    0.5764   0.02497   0.03613         0
   266/299     6.81G   0.01997   0.03155         0   0.05151        33       640    0.5929    0.8279    0.8243    0.5762   0.02498   0.03616         0
   267/299     6.81G   0.01988   0.03167         0   0.05155        53       640    0.5923    0.8276    0.8244    0.5761   0.02498   0.03619         0
   268/299     6.81G   0.01993   0.03159         0   0.05152        29       640    0.5923    0.8267    0.8242    0.5764   0.02497   0.03623         0
   269/299     6.81G   0.01995   0.03163         0   0.05158        48       640    0.5932    0.8267    0.8244    0.5765   0.02497   0.03625         0
   270/299     6.81G   0.01995   0.03158         0   0.05153        37       640    0.5929    0.8267    0.8242    0.5766   0.02496   0.03629         0
   271/299     6.81G   0.01979   0.03142         0   0.05121        44       640    0.5947    0.8274    0.8243    0.5768   0.02495   0.03632         0
   272/299     6.81G   0.01981   0.03131         0   0.05112        47       640    0.5953    0.8271    0.8241    0.5765   0.02495   0.03634         0
   273/299     6.81G   0.01988   0.03145         0   0.05132        36       640    0.5957     0.826     0.824    0.5765   0.02495   0.03636         0
   274/299     6.81G   0.01978   0.03146         0   0.05124        42       640    0.5973    0.8259    0.8238    0.5766   0.02496    0.0364         0
   275/299     6.81G   0.01985   0.03145         0   0.05131        41       640    0.5966    0.8257    0.8234    0.5764   0.02495   0.03642         0
   276/299     6.81G   0.01983   0.03137         0    0.0512        39       640    0.5964    0.8269    0.8236    0.5765   0.02495   0.03644         0
   277/299     6.81G   0.01982   0.03136         0   0.05118        38       640    0.5967    0.8264    0.8235    0.5766   0.02495   0.03648         0
   278/299     6.81G    0.0197   0.03126         0   0.05097        43       640    0.5968    0.8272    0.8234    0.5766   0.02496   0.03651         0
   279/299     6.81G   0.01968   0.03104         0   0.05072        42       640    0.5984    0.8278    0.8236    0.5771   0.02496   0.03652         0
   280/299     6.81G   0.01978   0.03118         0   0.05097        43       640    0.5979     0.827    0.8237    0.5764   0.02497   0.03654         0
   281/299     6.81G   0.01974    0.0313         0   0.05104        36       640    0.5983    0.8269    0.8237    0.5762   0.02498   0.03657         0
   282/299     6.81G   0.01969   0.03114         0   0.05083        57       640    0.5979    0.8264    0.8236     0.576     0.025    0.0366         0
   283/299     6.81G   0.01966   0.03106         0   0.05073        38       640    0.5982    0.8268    0.8236    0.5759   0.02502   0.03661         0
   284/299     6.81G   0.01963   0.03123         0   0.05086        33       640    0.5993    0.8261    0.8238    0.5762   0.02504   0.03664         0
   285/299     6.81G   0.01965   0.03111         0   0.05075        50       640    0.6004    0.8261    0.8238    0.5761   0.02505   0.03667         0
   286/299     6.81G   0.01965   0.03128         0   0.05092        45       640    0.6007    0.8269     0.824    0.5761   0.02506   0.03669         0
   287/299     6.81G   0.01963   0.03105         0   0.05068        32       640    0.5999    0.8271    0.8242    0.5763   0.02506    0.0367         0
   288/299     6.81G   0.01957   0.03119         0   0.05076        35       640    0.6002    0.8271    0.8243    0.5766   0.02506    0.0367         0
   289/299     6.81G   0.01957   0.03084         0   0.05041        37       640    0.5997    0.8254    0.8236    0.5765   0.02507   0.03671         0
   290/299     6.81G    0.0196   0.03103         0   0.05063        37       640    0.6003    0.8247    0.8237    0.5765   0.02507   0.03674         0
   291/299     6.81G   0.01949   0.03081         0    0.0503        48       640    0.5996    0.8236    0.8238    0.5761   0.02507   0.03676         0
   292/299     6.81G   0.01948   0.03094         0   0.05042        44       640    0.6008    0.8234    0.8241    0.5758   0.02507   0.03678         0
   293/299     6.81G   0.01957    0.0308         0   0.05037        51       640     0.601    0.8219    0.8234    0.5755   0.02508   0.03679         0
   294/299     6.81G   0.01953   0.03068         0   0.05021        43       640    0.6027    0.8229    0.8237    0.5753   0.02508    0.0368         0
   295/299     6.81G   0.01959   0.03099         0   0.05057        49       640    0.6032    0.8227    0.8236    0.5752   0.02509   0.03682         0
   296/299     6.81G    0.0195   0.03082         0   0.05032        51       640    0.6037    0.8232    0.8239    0.5755    0.0251   0.03684         0
   297/299     6.81G    0.0195   0.03089         0   0.05039        54       640    0.6041    0.8225    0.8239    0.5752    0.0251   0.03687         0
   298/299     6.81G   0.01945   0.03072         0   0.05017        63       640    0.6038    0.8221    0.8239    0.5754   0.02511   0.03689         0
   299/299     6.81G   0.01946   0.03077         0   0.05023        36       640    0.6033    0.8226    0.8236    0.5758   0.02512   0.03692         0
